homfam ricin 747 7 198.708 281 37.5 88.4 90.3 71.8 77.4 9.7066 0:00:09 132.41 6995.35 96.66 98.97 0.00 0.02 1350.96 140.33
homfam ghf10 1502 5 220.34 364 43.3 89.6 94.2 76.8 80.7 32.2522 0:00:32 156.38 7018.30 120.52 122.93 0.00 0.02 498.14 175.80
homfam seatoxin 93 5 43.6344 54 42.6 82.6 81.3 57.1 56.7 0.1563 0:00:00 107.65 4594.89 78.27 80.00 0.00 0.02 0.00 4.50
homfam mofe 2567 6 353.074 609 30.0 79.8 84.4 62.1 66.2 98.2805 0:01:38 171.48 7008.75 135.96 137.99 0.00 0.02 587.19 597.34
homfam cyt3 385 6 92.3065 130 40.3 85.4 86.6 62.7 70.7 23.9591 0:00:23 124.76 6990.22 89.40 92.50 0.00 0.02 2029.20 490.90
homfam ins 793 6 65.2825 74 44.9 95.0 95.1 66.7 88.6 3.7864 0:00:03 127.72 6992.41 93.72 96.25 0.00 0.02 1918.72 80.23
homfam Ald_Xan_dh_2 2589 6 109.304 885 31.8 84.5 85.0 67.3 71.6 21.5172 0:00:21 174.78 7026.77 139.25 141.50 0.00 0.02 926.13 212.57
homfam tms 2118 5 264.245 357 45.9 92.3 96.6 78.9 82.7 43.8851 0:00:43 140.39 6992.71 110.41 112.71 0.00 0.02 52.82 44.54
homfam phc 2957 12 98.4711 179 37.2 95.7 96.4 78.8 82.7 17.1597 0:00:17 148.75 7016.66 113.29 115.59 0.00 0.02 877.10 166.06
homfam cytb 3206 6 82.1454 100 35.6 76.9 90.4 54.3 59.0 34.8881 0:00:34 151.43 7034.81 115.75 118.54 0.00 0.02 727.72 264.53
homfam mmp 1427 6 157.93 180 55.1 97.4 98.3 92.9 94.4 27.7649 0:00:27 146.71 7002.75 111.15 113.25 0.00 0.02 924.78 268.31
homfam phoslip 946 18 113.33 137 48.9 93.0 94.5 65.4 75.0 5.3695 0:00:05 127.96 6996.14 92.32 94.65 0.00 0.02 1304.40 77.59
homfam HLH 6781 5 53.5453 92 28.1 90.5 94.8 86.9 87.2 20.4348 0:00:20 168.93 7049.80 138.41 140.61 0.00 0.02 917.98 202.42
homfam myb_DNA-binding 10398 5 46.5583 61 40.7 73.5 90.2 51.8 53.9 55.2693 0:00:55 234.61 7108.07 201.43 203.66 0.00 0.02 1724.05 966.68
homfam msb 4884 8 106.037 158 26.6 67.8 85.4 33.8 39.5 67.1779 0:01:07 183.57 7035.89 151.05 153.08 0.00 0.02 1193.17 821.59
homfam ghf1 4358 8 403.813 562 38.4 87.9 94.4 67.4 75.8 182.7624 0:03:02 217.52 7059.00 181.93 184.01 0.00 0.02 836.13 1547.17
homfam rvp 93681 6 94.2886 132 36.6 63.5 72.0 36.9 40.0 880.7400 0:14:40 1483.24 8345.73 1447.86 1449.87 0.00 0.02 471.40 4156.94
homfam lyase_1 7632 5 295.082 511 30.9 81.5 84.6 63.8 66.8 220.7936 0:03:40 234.11 7031.03 198.70 200.71 0.00 0.02 511.92 1148.65
homfam ldh 7367 14 121.378 371 31.9 87.3 88.7 58.1 66.4 78.8989 0:01:18 190.61 7030.52 155.09 157.10 0.00 0.02 539.10 445.35
homfam subt 7517 11 301.598 414 39.5 68.1 85.9 23.5 22.0 597.7883 0:09:57 364.35 7152.65 328.98 332.25 0.00 0.02 1454.86 8715.83
homfam sodfe 4455 8 77.4471 219 42.3 84.5 87.2 58.9 60.8 17.9067 0:00:17 160.44 7043.37 125.03 127.64 0.00 0.02 1225.97 231.46
homfam LIM 6428 5 57.0143 86 52.8 94.7 97.8 82.9 88.7 24.9819 0:00:24 179.52 7054.59 148.14 150.18 0.00 0.02 760.77 204.73
homfam blm 9105 8 300.727 274 39.1 66.8 84.1 24.3 24.8 606.8477 0:10:06 362.40 7137.36 326.56 329.42 0.00 0.02 1222.18 7434.56
homfam DMRL_synthase 2099 5 140.59 182 33.2 92.6 92.3 74.0 83.3 17.0131 0:00:17 142.53 7012.52 106.93 109.04 0.00 0.02 945.82 175.61
homfam tRNA-synt_2b 11293 5 177.564 467 18.7 33.0 46.2 11.0 15.2 171.5338 0:02:51 315.86 7110.45 280.49 282.58 0.00 0.02 823.64 1431.64
homfam Stap_Strp_toxin 640 6 87.3922 254 32.5 74.7 74.8 49.4 51.4 1.8768 0:00:01 119.16 6989.34 89.09 91.12 0.00 0.02 1061.96 25.81
homfam Acetyltransf 46285 6 82.9897 229 24.1 41.2 67.0 12.2 13.8 900.7060 0:15:00 842.35 7709.96 806.86 809.17 0.00 0.02 1050.42 9474.33
homfam ghf22 760 12 107.567 131 51.4 97.4 97.4 87.7 90.6 3.8892 0:00:03 128.55 6991.95 93.58 95.59 0.00 0.02 1237.67 54.96
homfam sdr 50157 13 163.253 361 23.3 43.6 68.9 7.9 10.3 1493.4831 0:24:53 2247.39 21003.04 2210.95 2214.31 0.00 0.02 1198.73 17909.19
homfam ltn 1068 12 204.148 282 49.9 89.5 93.5 60.5 66.7 21.8071 0:00:21 137.89 6999.90 102.37 104.41 0.00 0.02 1198.55 273.47
homfam hpr 3349 5 83.0427 89 44.4 100.0 100.0 100.0 100.0 14.2786 0:00:14 152.30 7036.84 116.76 118.98 0.00 0.02 1245.12 190.16
homfam bowman 499 5 26.1443 73 64.9 92.7 92.2 75.7 78.8 0.4283 0:00:00 107.61 4594.89 78.23 80.21 0.00 0.02 0.00 4.46
homfam hip 167 5 66.2096 88 33.4 86.9 87.3 65.5 72.4 0.5056 0:00:00 107.49 4594.89 78.25 80.10 0.00 0.02 0.00 4.48
homfam HMG_box 4779 5 66.0716 89 24.8 79.3 88.2 56.8 64.0 18.9659 0:00:18 158.44 7038.45 123.04 125.32 0.00 0.02 1054.51 214.05
homfam icd 5678 5 328.887 433 41.7 92.3 95.8 81.5 83.3 182.3157 0:03:02 210.42 7028.87 174.71 176.77 0.00 0.02 613.93 1138.56
homfam peroxidase 4514 5 256.626 383 37.3 87.2 89.6 61.3 65.9 122.0662 0:02:02 178.57 7004.62 142.96 145.24 0.00 0.02 781.45 973.62
homfam asp 3262 13 284.142 381 37.5 80.1 91.4 51.6 54.9 143.1478 0:02:23 197.77 7038.06 162.29 164.54 0.00 0.02 1598.41 2308.88
homfam flav 4612 6 138.021 183 35.0 74.5 82.5 47.4 49.5 50.4163 0:00:50 169.19 7010.93 133.77 135.84 0.00 0.02 1023.18 538.21
homfam cah 1379 5 212.706 279 38.7 90.3 94.1 76.8 81.1 30.3939 0:00:30 140.57 7004.01 104.86 106.99 0.00 0.02 620.30 201.94
homfam ace 3989 6 427.824 601 37.3 80.3 87.8 59.2 63.8 374.7149 0:06:14 245.68 7053.16 210.11 212.18 0.00 0.02 1534.96 5769.57
homfam sti 613 5 165.383 198 36.4 82.1 84.5 57.1 62.5 6.4934 0:00:06 126.43 6992.97 91.05 93.21 0.00 0.02 1584.48 110.11
homfam aat 25100 10 337.807 476 28.6 64.4 81.4 23.3 24.5 1248.9157 0:20:48 792.06 7383.94 756.80 761.99 0.00 0.02 958.73 11983.18
homfam oxidored_q6 3348 5 123.044 285 56.7 98.4 98.5 94.4 95.9 22.4869 0:00:22 154.54 7023.06 119.22 122.04 0.00 0.02 609.47 151.71
homfam hormone_rec 3509 5 188.562 308 21.5 49.9 64.9 23.5 29.7 106.3179 0:01:46 163.04 7004.28 127.30 129.62 0.00 0.02 893.87 971.15
homfam rhv 17976 6 143.424 938 33.1 81.7 83.6 54.2 64.6 217.8663 0:03:37 289.07 7071.38 253.63 256.78 0.00 0.02 946.39 2077.04
homfam tgfb 1606 8 95.4645 118 43.8 88.0 89.7 58.1 67.6 6.8852 0:00:06 134.31 7002.22 98.56 100.64 0.00 0.02 1382.63 103.46
homfam cryst 1160 7 80.8078 192 44.4 49.2 66.2 1.7 0.8 6.0875 0:00:06 132.11 6994.05 96.42 98.64 0.00 0.02 1599.13 104.44
homfam cyclo 6288 6 159.069 203 44.1 76.6 94.0 58.7 56.3 81.1591 0:01:21 204.84 7034.11 169.29 171.92 0.00 0.02 1208.17 1000.84
homfam kunitz 2266 10 53.752 64 37.9 96.8 98.9 85.0 84.0 17.6228 0:00:17 133.45 7013.79 98.06 100.30 0.00 0.02 2367.66 423.41
homfam Rhodanese 14049 6 102.277 216 22.7 50.3 65.3 36.5 28.6 147.9444 0:02:27 262.91 7162.72 227.09 229.11 0.00 0.02 1335.26 1994.95
homfam sodcu 2038 7 141.322 169 42.2 88.2 93.7 74.7 77.0 21.0069 0:00:21 142.38 7015.86 106.88 109.18 0.00 0.02 807.86 184.54
homfam profilin 687 5 123.371 144 39.7 83.8 89.4 68.8 70.8 5.5223 0:00:05 128.83 6990.29 92.99 95.95 0.00 0.02 1566.07 93.31
homfam glob 3983 41 100.684 174 31.7 93.2 95.6 51.2 50.4 23.7514 0:00:23 159.74 7044.76 124.21 126.24 0.00 0.02 483.83 132.06
homfam tim 3904 10 205.645 260 47.5 95.7 97.1 84.9 87.6 63.7501 0:01:03 160.02 7005.15 125.37 127.67 0.00 0.02 426.21 292.36
homfam uce 4558 13 134.701 184 34.0 83.1 92.4 41.6 45.3 42.5964 0:00:42 180.20 7032.00 149.78 151.79 0.00 0.02 52.45 42.76
homfam toxin 508 20 62.311 78 43.1 87.7 89.9 48.1 51.9 1.5322 0:00:01 116.76 6987.24 84.91 87.19 0.00 0.02 955.19 22.83
homfam rub 1435 5 46.1575 54 62.1 100.0 100.0 100.0 100.0 2.7618 0:00:02 122.24 6997.72 90.50 93.34 0.00 0.02 999.68 34.80
homfam hom 12037 8 53.4951 98 35.3 89.6 94.4 62.3 73.7 33.0999 0:00:33 220.35 7131.28 186.46 188.72 0.00 0.02 68.53 44.57
homfam biotin_lipoyl 11833 7 71.8928 112 28.9 93.2 94.6 75.3 77.6 61.2324 0:01:01 196.43 7028.63 161.42 163.70 0.00 0.02 311.08 209.99
homfam cys 4316 13 198.11 284 40.5 78.1 92.4 42.9 47.8 106.6333 0:01:46 183.57 7048.20 147.70 150.37 0.00 0.02 1077.06 1169.24
homfam ghf11 521 5 167.758 202 49.5 93.4 95.0 84.4 85.9 5.4692 0:00:05 125.78 6990.10 90.19 92.71 0.00 0.02 1329.05 80.06
homfam blmb 17200 6 192.465 344 20.6 35.8 56.6 12.4 16.6 673.1718 0:11:13 426.67 7177.60 391.01 393.06 0.00 0.02 1155.15 7791.96
homfam aadh 3127 8 225.129 542 38.2 84.6 89.2 56.7 61.9 60.9486 0:01:00 161.21 7039.01 125.89 128.63 0.00 0.02 484.89 316.55
homfam DEATH 1183 7 80.5689 159 19.6 74.8 82.8 47.6 52.0 12.1555 0:00:12 131.68 6995.11 95.79 98.40 0.00 0.02 2295.17 285.09
homfam Sulfotransfer 2489 5 235.798 381 26.2 64.9 78.6 35.5 39.8 151.1542 0:02:31 167.13 7024.15 131.33 133.84 0.00 0.02 1543.35 2353.96
homfam serpin 3144 8 291.462 418 34.3 88.9 94.2 71.9 76.6 167.3306 0:02:47 184.91 7018.94 149.27 151.41 0.00 0.02 1414.77 2387.59
homfam proteasome 5732 17 174.347 309 21.7 81.6 85.1 36.6 46.4 74.8213 0:01:14 175.86 7012.51 140.51 143.16 0.00 0.02 243.09 202.49
homfam zf-CCHH 88345 15 23.2513 39 35.5 56.8 73.4 8.6 11.2 271.0541 0:04:31 813.25 8508.20 777.76 780.40 0.00 0.02 628.65 1714.43
homfam egf 7774 12 32.0765 71 31.1 66.2 71.8 33.8 28.1 23.0837 0:00:23 190.77 7071.46 162.40 164.62 0.00 0.02 906.49 219.26
homfam annexin 3139 6 65.1902 323 57.2 100.0 100.0 100.0 100.0 11.5713 0:00:11 145.61 7031.41 109.74 111.82 0.00 0.02 1396.78 171.79
homfam OTCace 4795 5 157.005 350 37.3 94.3 96.3 85.8 86.7 49.8360 0:00:49 163.25 7001.93 127.95 130.64 0.00 0.02 871.94 455.46
homfam rnasemam 498 6 120.072 141 42.2 93.7 92.2 73.1 83.1 2.7280 0:00:02 118.14 6990.62 87.71 89.85 0.00 0.02 941.32 32.09
homfam adh 21331 5 123.64 375 63.9 98.6 98.8 96.8 97.1 295.9039 0:04:55 365.64 7132.12 330.05 332.33 0.00 0.02 1286.60 3823.65
homfam il8 1073 11 63.7623 81 34.5 81.1 84.4 48.1 53.5 3.7700 0:00:03 124.66 6997.19 91.37 93.73 0.00 0.02 1615.89 67.77
homfam hr 3707 5 65.1513 82 53.3 88.3 96.7 82.3 80.0 13.0152 0:00:13 154.03 7026.68 118.27 120.35 0.00 0.02 1367.09 190.08
homfam ChtBD 774 5 38.2713 45 59.3 94.0 95.1 83.7 85.0 1.4381 0:00:01 117.18 6987.64 85.51 88.21 0.00 0.02 880.96 20.19
homfam gluts 10099 14 98.1117 235 39.4 87.2 92.0 68.2 72.6 135.9337 0:02:15 215.66 7045.20 180.13 182.17 0.00 0.02 1085.02 1495.08
homfam ghf5 2717 6 260.466 470 17.8 62.2 70.0 33.7 46.9 139.8385 0:02:19 179.85 7020.45 143.91 146.03 0.00 0.02 1799.10 2537.22
homfam ghf13 12607 10 264.452 626 26.8 58.8 69.2 23.8 31.5 483.3646 0:08:03 408.95 7161.47 373.27 375.59 0.00 0.02 1001.10 4855.84
homfam PDZ 14950 6 80.8907 110 30.6 89.2 93.0 73.7 76.6 126.7755 0:02:06 230.34 7053.84 195.00 197.59 0.00 0.02 1087.47 1394.56
homfam az 1086 29 100.416 215 33.4 69.6 73.2 31.0 28.0 7.9513 0:00:07 134.14 6994.48 98.21 100.90 0.00 0.02 1819.86 150.90
homfam hla 13465 5 153.148 178 76.5 100.0 100.0 100.0 100.0 142.6857 0:02:22 254.10 7047.54 218.52 220.58 0.00 0.02 668.70 972.66
homfam slectin 932 5 133.052 142 33.3 86.4 94.3 73.0 76.3 10.2241 0:00:10 134.26 6997.60 98.70 101.30 0.00 0.02 1879.10 200.01
homfam GEL 2195 5 78.1157 150 23.7 59.6 61.2 28.8 39.8 9.9979 0:00:09 140.77 7013.93 105.07 107.19 0.00 0.02 1539.61 163.26
homfam kringle 1091 9 75.9138 100 43.3 88.5 91.8 74.2 78.2 5.0666 0:00:05 129.61 6995.26 94.07 96.18 0.00 0.02 1962.36 106.15
homfam p450 21013 12 331.506 512 20.8 51.9 71.6 9.0 11.7 1617.6110 0:26:57 849.50 7485.89 813.70 821.60 0.00 0.02 1361.76 22038.92
homfam gpdh 7691 8 129.082 360 55.1 92.8 95.3 83.0 84.6 67.2525 0:01:07 186.00 7024.90 151.02 153.06 0.00 0.02 403.25 290.67
homfam int 7572 5 168.037 219 22.5 56.6 79.1 24.3 25.6 214.8574 0:03:34 224.45 7050.44 189.16 191.24 0.00 0.02 1642.45 3547.95
homfam KAS 2070 6 174.528 404 31.7 86.5 86.9 70.2 74.6 23.3923 0:00:23 146.74 7004.04 110.97 113.11 0.00 0.02 307.26 89.75
homfam trfl 837 7 242.315 702 61.9 97.6 97.8 94.2 94.5 15.9884 0:00:15 144.05 7000.20 108.40 110.93 0.00 0.02 1359.51 227.56
homfam TNF 556 5 119.903 176 32.0 87.6 90.5 68.2 74.5 5.6252 0:00:05 128.15 6990.44 92.55 94.83 0.00 0.02 1891.91 113.20
homfam scorptoxin 363 8 53.2562 74 46.3 91.3 90.7 75.3 83.1 0.9497 0:00:00 116.14 6915.98 83.55 85.80 0.00 0.02 0.00 12.46
homfam aldosered 13277 7 268.547 386 41.6 76.6 90.5 33.2 35.7 629.9134 0:10:29 448.25 7194.85 412.30 415.05 0.00 0.02 1458.26 9199.92
homfam rrm 27610 20 67.4587 157 22.9 48.6 77.7 5.4 8.0 199.8036 0:03:19 421.16 7208.94 385.61 387.89 0.00 0.02 1349.15 2713.39
