homfam ricin 747 7 198.708 281 37.5 89.2 89.0 75.8 81.8 0.7159 0:00:00 159.34 6785.27 124.39 126.56 0.00 0.02 0.00 6.01
homfam ghf10 1502 5 220.34 364 43.3 93.1 93.2 79.6 85.2 0.7686 0:00:00 171.80 7150.05 141.07 143.29 0.00 0.02 0.00 8.22
homfam seatoxin 93 5 43.6344 54 42.6 81.2 79.6 46.9 47.0 0.0768 0:00:00 107.58 4594.89 78.28 80.09 0.00 0.02 0.00 4.49
homfam mofe 2567 6 353.074 609 30.0 86.1 86.1 69.6 76.1 0.8503 0:00:00 199.82 7227.12 169.59 171.55 0.00 0.02 0.00 14.27
homfam cyt3 385 6 92.3065 130 40.3 74.5 73.8 43.2 49.3 0.2960 0:00:00 107.47 4594.89 78.25 80.22 0.00 0.02 0.00 4.54
homfam ins 793 6 65.2825 74 44.9 62.8 72.4 0.0 0.0 0.4415 0:00:00 107.52 4594.89 78.23 80.02 0.00 0.02 0.00 5.21
homfam Ald_Xan_dh_2 2589 6 109.304 885 31.8 86.7 85.7 70.6 75.2 0.3208 0:00:00 107.46 4594.87 78.20 79.99 0.00 0.02 0.00 5.28
homfam tms 2118 5 264.245 357 45.9 90.2 89.9 73.0 77.9 0.7255 0:00:00 178.17 7008.44 148.36 150.44 0.00 0.02 0.00 8.48
homfam phc 2957 12 98.4711 179 37.2 94.2 94.3 74.3 79.7 0.1697 0:00:00 107.61 4594.87 78.19 79.92 0.00 0.02 0.00 4.65
homfam cytb 3206 6 82.1454 100 35.6 82.1 82.1 55.4 60.2 0.4133 0:00:00 107.61 4594.89 78.25 80.23 0.00 0.02 0.00 4.47
homfam mmp 1427 6 157.93 180 55.1 95.8 96.1 87.0 90.1 0.7787 0:00:00 154.59 7005.10 124.10 126.31 0.00 0.02 0.00 7.92
homfam phoslip 946 18 113.33 137 48.9 92.0 91.5 64.0 73.9 0.3719 0:00:00 107.59 4594.89 78.24 80.18 0.00 0.02 0.00 4.48
homfam HLH 6781 5 53.5453 92 28.1 91.6 92.8 85.7 87.1 0.4857 0:00:00 107.62 4594.89 78.24 80.46 0.00 0.02 0.00 4.51
homfam myb_DNA-binding 10398 5 46.5583 61 40.7 94.0 92.9 76.8 83.4 0.7306 0:00:00 145.33 7010.58 115.43 117.38 0.00 0.02 0.00 11.54
homfam msb 4884 8 106.037 158 26.6 88.4 87.9 64.1 70.9 1.7508 0:00:01 173.54 7080.64 143.18 145.17 0.00 0.02 45.68 10.35
homfam ghf1 4358 8 403.813 562 38.4 89.9 90.9 66.4 72.6 2.1791 0:00:02 265.67 7306.46 235.16 237.15 0.00 0.02 236.64 26.02
homfam rvp 93681 6 94.2886 132 36.6 80.0 81.2 51.4 57.8 27.1838 0:00:27 2084.38 7248.94 2053.29 2056.02 0.00 0.02 1271.77 362.83
homfam lyase_1 7632 5 295.082 511 30.9 82.7 82.6 65.2 68.2 1.4215 0:00:01 222.59 7097.86 192.26 194.21 0.00 0.02 614.80 30.76
homfam ldh 7367 14 121.378 371 31.9 84.8 83.8 45.4 52.0 0.4418 0:00:00 107.54 4594.89 78.27 80.00 0.00 0.02 0.00 4.47
homfam subt 7517 11 301.598 414 39.5 67.5 68.3 12.5 16.4 5.5912 0:00:05 483.34 7769.45 448.34 450.30 0.00 0.02 768.39 63.87
homfam sodfe 4455 8 77.4471 219 42.3 89.3 89.0 64.1 66.8 0.2419 0:00:00 107.61 4594.87 78.21 80.34 0.00 0.02 0.00 5.69
homfam LIM 6428 5 57.0143 86 52.8 94.0 94.0 81.7 87.1 0.3808 0:00:00 107.54 4594.86 78.20 80.06 0.00 0.02 0.00 4.46
homfam blm 9105 8 300.727 274 39.1 97.8 97.5 90.3 91.8 4.6461 0:00:04 366.03 7581.91 330.94 333.27 0.00 0.02 713.89 54.98
homfam DMRL_synthase 2099 5 140.59 182 33.2 91.9 89.2 72.2 82.4 0.2199 0:00:00 107.56 4594.89 78.24 79.97 0.00 0.02 0.00 4.46
homfam tRNA-synt_2b 11293 5 177.564 467 18.7 49.1 46.7 19.5 27.1 1.1631 0:00:01 171.17 7024.00 139.94 142.54 0.00 0.02 337.74 4.63
homfam Stap_Strp_toxin 640 6 87.3922 254 32.5 81.2 80.3 47.7 54.9 0.1783 0:00:00 107.57 4594.89 78.19 79.93 0.00 0.02 0.00 5.22
homfam Acetyltransf 46285 6 82.9897 229 24.1 53.3 50.0 18.5 25.3 13.8736 0:00:13 395.64 7269.94 364.85 366.82 0.00 0.02 676.95 114.33
homfam ghf22 760 12 107.567 131 51.4 96.4 96.5 86.2 89.5 0.2533 0:00:00 107.49 4594.89 78.22 79.94 0.00 0.02 0.00 4.46
homfam sdr 50157 13 163.253 361 23.3 70.7 68.6 19.9 25.4 25.1986 0:00:25 592.43 7526.02 557.47 559.92 0.00 0.02 1152.66 308.64
homfam ltn 1068 12 204.148 282 49.9 91.2 91.3 62.8 68.9 1.6492 0:00:01 179.52 6991.27 144.90 147.07 0.00 0.02 38.95 7.32
homfam hpr 3349 5 83.0427 89 44.4 100.0 100.0 100.0 100.0 0.2192 0:00:00 107.63 4594.89 78.27 80.00 0.00 0.02 0.00 4.46
homfam bowman 499 5 26.1443 73 64.9 91.0 91.0 71.4 74.4 0.1054 0:00:00 107.53 4594.87 78.22 79.94 0.00 0.02 0.00 4.53
homfam hip 167 5 66.2096 88 33.4 86.7 85.5 61.9 72.7 0.1085 0:00:00 107.54 4594.89 78.22 80.31 0.00 0.02 0.00 4.47
homfam HMG_box 4779 5 66.0716 89 24.8 96.0 95.5 84.0 92.5 53.7893 0:00:53 118.58 7075.73 83.73 86.24 0.00 0.02 2092.77 1135.09
homfam icd 5678 5 328.887 433 41.7 92.9 92.9 81.8 84.0 1.3322 0:00:01 236.11 7236.88 205.26 207.25 0.00 0.02 224.12 24.92
homfam peroxidase 4514 5 256.626 383 37.3 81.6 83.8 53.6 55.7 1.1237 0:00:01 216.30 7014.20 185.45 187.40 0.00 0.02 0.00 14.39
homfam asp 3262 13 284.142 381 37.5 88.4 88.8 61.2 66.1 2.5371 0:00:02 266.45 7516.02 231.60 233.69 0.00 0.02 278.50 21.13
homfam flav 4612 6 138.021 183 35.0 79.1 80.6 45.1 50.5 0.5572 0:00:00 107.57 4594.89 78.25 79.98 0.00 0.02 0.00 4.51
homfam cah 1379 5 212.706 279 38.7 88.0 88.1 70.5 74.8 2.5383 0:00:02 154.68 7077.62 124.13 127.02 0.00 0.02 1686.02 56.28
homfam ace 3989 6 427.824 601 37.3 81.7 82.9 59.9 65.1 4.9008 0:00:04 384.33 7595.55 349.26 351.85 0.00 0.02 585.71 48.42
homfam sti 613 5 165.383 198 36.4 76.9 78.2 47.8 52.0 0.4681 0:00:00 107.46 4594.86 78.22 80.30 0.00 0.02 0.00 4.66
homfam aat 25100 10 337.807 476 28.6 85.0 84.3 54.1 60.8 11.5031 0:00:11 547.00 7829.50 512.43 514.37 0.00 36.56 2311.54 284.76
homfam oxidored_q6 3348 5 123.044 285 56.7 96.2 96.3 89.1 91.0 0.2384 0:00:00 107.48 4594.87 78.21 80.19 0.00 0.02 0.00 4.43
homfam hormone_rec 3509 5 188.562 308 21.5 72.2 68.9 48.0 61.7 0.8400 0:00:00 170.66 7153.44 139.78 141.74 0.00 0.02 0.00 10.38
homfam rhv 17976 6 143.424 938 33.1 52.2 61.1 21.2 24.6 1.1362 0:00:01 136.81 7006.77 107.42 109.82 0.00 0.02 0.00 21.54
homfam tgfb 1606 8 95.4645 118 43.8 88.1 88.5 49.6 58.3 0.1452 0:00:00 107.47 4594.86 78.19 79.99 0.00 0.02 0.00 5.17
homfam cryst 1160 7 80.8078 192 44.4 37.6 51.7 0.0 0.0 0.3733 0:00:00 107.57 4594.87 78.20 80.18 0.00 0.02 0.00 4.88
homfam cyclo 6288 6 159.069 203 44.1 88.4 89.3 74.6 75.5 2.1088 0:00:02 209.62 7301.86 179.25 181.38 0.00 0.02 126.49 15.65
homfam kunitz 2266 10 53.752 64 37.9 95.7 97.1 80.0 78.6 0.2101 0:00:00 107.62 4594.89 78.28 80.01 0.00 0.02 0.00 4.56
homfam Rhodanese 14049 6 102.277 216 22.7 66.3 65.2 39.6 39.0 3.0547 0:00:03 214.16 7235.93 183.32 186.34 0.00 0.02 136.15 23.28
homfam sodcu 2038 7 141.322 169 42.2 90.8 91.2 75.9 80.2 0.3823 0:00:00 107.58 4594.89 78.27 80.54 0.00 0.02 0.00 4.48
homfam profilin 687 5 123.371 144 39.7 92.1 92.5 78.9 80.3 0.4227 0:00:00 107.60 4594.89 78.28 80.13 0.00 0.02 0.00 4.48
homfam glob 3983 41 100.684 174 31.7 90.7 91.0 48.2 46.8 0.2915 0:00:00 107.57 4594.89 78.28 80.00 0.00 0.02 0.00 4.48
homfam tim 3904 10 205.645 260 47.5 94.9 95.0 85.7 89.0 0.9172 0:00:00 181.88 7010.42 150.78 152.72 0.00 0.02 0.00 10.97
homfam uce 4558 13 134.701 184 34.0 92.8 92.2 56.6 64.1 0.8925 0:00:00 163.06 7153.92 132.21 134.41 0.00 0.02 0.00 10.24
homfam toxin 508 20 62.311 78 43.1 89.7 89.0 46.8 53.0 0.1748 0:00:00 107.48 4594.89 78.23 80.18 0.00 0.02 0.00 4.46
homfam rub 1435 5 46.1575 54 62.1 99.2 99.2 96.3 96.7 0.2170 0:00:00 107.46 4594.87 78.18 80.18 0.00 0.02 0.00 4.88
homfam hom 12037 8 53.4951 98 35.3 93.6 92.8 65.2 77.3 0.4936 0:00:00 107.47 4594.89 78.24 80.20 0.00 0.02 0.00 4.47
homfam biotin_lipoyl 11833 7 71.8928 112 28.9 95.5 94.1 80.0 81.9 0.6789 0:00:00 157.40 7146.60 122.59 124.69 0.00 0.31 0.00 14.42
homfam cys 4316 13 198.11 284 40.5 87.5 87.0 50.0 61.0 2.4045 0:00:02 221.74 7403.82 186.91 188.85 0.00 4.01 164.67 16.68
homfam ghf11 521 5 167.758 202 49.5 91.8 91.8 79.7 80.8 0.4373 0:00:00 107.59 4594.89 78.25 79.99 0.00 0.02 0.00 4.47
homfam blmb 17200 6 192.465 344 20.6 69.8 68.9 39.6 48.8 4.9860 0:00:04 334.20 7533.01 299.39 301.33 0.00 0.02 941.59 67.57
homfam aadh 3127 8 225.129 542 38.2 78.8 78.4 43.5 48.7 0.6612 0:00:00 176.02 7153.43 145.04 147.12 0.00 0.02 0.00 9.95
homfam DEATH 1183 7 80.5689 159 19.6 73.3 73.9 49.2 52.1 0.3643 0:00:00 107.58 4594.89 78.24 79.97 0.00 0.02 0.00 4.46
homfam Sulfotransfer 2489 5 235.798 381 26.2 71.1 70.9 32.8 40.5 1.4289 0:00:01 209.32 7368.61 178.70 180.70 0.00 0.02 148.03 12.82
homfam serpin 3144 8 291.462 418 34.3 94.3 93.8 80.4 86.4 2.7769 0:00:02 237.35 7371.55 205.85 207.94 0.00 0.02 138.34 25.35
homfam proteasome 5732 17 174.347 309 21.7 82.2 79.0 31.4 38.9 0.7736 0:00:00 171.57 7013.26 140.77 142.99 0.00 0.02 0.00 13.07
homfam zf-CCHH 88345 15 23.2513 39 35.5 88.3 87.2 68.6 75.8 5.4150 0:00:05 366.59 7272.20 331.79 333.75 0.00 11.37 1300.42 90.31
homfam egf 7774 12 32.0765 71 31.1 76.8 75.8 25.0 38.3 15.5738 0:00:15 150.62 7079.73 119.43 121.59 0.00 0.02 2788.55 440.41
homfam annexin 3139 6 65.1902 323 57.2 100.0 100.0 100.0 100.0 0.2285 0:00:00 107.55 4594.86 78.21 79.94 0.00 0.02 0.00 4.47
homfam OTCace 4795 5 157.005 350 37.3 95.3 95.8 86.6 88.9 0.5153 0:00:00 107.62 4594.87 78.21 79.94 0.00 0.02 0.00 4.46
homfam rnasemam 498 6 120.072 141 42.2 92.3 89.9 67.2 79.1 0.2122 0:00:00 107.61 4594.89 78.29 80.02 0.00 0.02 0.00 4.47
homfam adh 21331 5 123.64 375 63.9 98.8 98.8 97.3 97.7 4.4101 0:00:04 246.62 7250.38 215.97 217.94 0.00 0.02 624.03 48.03
homfam il8 1073 11 63.7623 81 34.5 90.6 89.8 59.7 67.5 0.2706 0:00:00 107.45 4594.86 78.23 80.33 0.00 0.02 0.00 4.51
homfam hr 3707 5 65.1513 82 53.3 99.4 99.4 98.7 98.6 0.1964 0:00:00 107.57 4594.88 78.24 79.98 0.00 0.02 0.00 4.47
homfam ChtBD 774 5 38.2713 45 59.3 95.4 95.2 86.0 87.4 0.1431 0:00:00 107.59 4594.89 78.26 79.99 0.00 0.02 0.00 4.47
homfam gluts 10099 14 98.1117 235 39.4 91.6 91.3 71.2 76.1 1.9710 0:00:01 187.95 7086.65 158.02 160.27 0.00 0.02 83.17 16.90
homfam ghf5 2717 6 260.466 470 17.8 60.2 59.2 30.1 42.8 0.9541 0:00:00 197.12 7305.86 166.05 167.99 0.00 0.02 0.00 11.73
homfam ghf13 12607 10 264.452 626 26.8 61.8 61.5 25.0 33.6 3.1829 0:00:03 317.56 7588.72 283.21 285.18 0.00 0.02 1312.34 61.94
homfam PDZ 14950 6 80.8907 110 30.6 76.5 77.4 40.4 40.3 2.3819 0:00:02 210.30 7223.59 175.30 177.69 0.00 4.39 123.20 20.22
homfam az 1086 29 100.416 215 33.4 73.1 71.8 32.1 29.0 0.5049 0:00:00 107.52 4594.89 78.23 79.99 0.00 0.02 0.00 5.24
homfam hla 13465 5 153.148 178 76.5 100.0 100.0 100.0 100.0 1.2077 0:00:01 207.83 7232.04 173.08 175.27 0.00 4.61 345.44 25.21
homfam slectin 932 5 133.052 142 33.3 93.4 93.8 87.6 89.3 0.5862 0:00:00 107.65 4594.89 78.21 79.96 0.00 0.02 0.00 4.48
homfam GEL 2195 5 78.1157 150 23.7 63.2 58.7 32.9 46.0 0.1652 0:00:00 107.46 4594.86 78.21 79.94 0.00 0.02 0.00 4.46
homfam kringle 1091 9 75.9138 100 43.3 91.0 90.5 75.3 79.3 0.3528 0:00:00 107.49 4594.87 78.22 79.96 0.00 0.02 0.00 5.28
homfam p450 21013 12 331.506 512 20.8 71.6 71.7 29.5 37.3 20.4289 0:00:20 718.70 8020.72 683.72 685.81 0.00 0.02 1603.14 345.84
homfam gpdh 7691 8 129.082 360 55.1 94.9 95.0 85.5 88.7 1.0515 0:00:01 172.18 7014.29 142.41 145.16 0.00 0.02 0.00 14.91
homfam int 7572 5 168.037 219 22.5 86.4 87.3 66.3 71.8 3.2900 0:00:03 234.39 7376.40 202.52 204.70 0.00 0.02 201.52 24.25
homfam KAS 2070 6 174.528 404 31.7 82.7 81.9 61.0 67.4 0.4146 0:00:00 107.62 4594.89 78.24 79.97 0.00 0.02 0.00 4.51
homfam trfl 837 7 242.315 702 61.9 44.8 54.6 1.4 0.1 1.2544 0:00:01 204.83 7011.78 169.62 171.65 0.00 0.02 50.41 7.60
homfam TNF 556 5 119.903 176 32.0 82.3 82.1 59.2 64.7 0.3041 0:00:00 107.57 4594.89 78.29 80.02 0.00 0.02 0.00 4.56
homfam scorptoxin 363 8 53.2562 74 46.3 91.2 91.6 75.3 80.4 0.1383 0:00:00 107.57 4594.89 78.23 79.96 0.00 0.02 0.00 4.47
homfam aldosered 13277 7 268.547 386 41.6 90.3 90.0 65.2 70.9 4.9196 0:00:04 358.12 7591.58 323.55 325.64 0.00 0.02 1104.09 74.80
homfam rrm 27610 20 67.4587 157 22.9 79.8 77.7 16.2 21.4 4.0366 0:00:04 229.64 7102.60 199.14 201.08 0.00 0.02 458.28 40.32
