homfam ricin 747 7 198.708 281 37.5 89.8 90.1 73.6 80.9 531.6843 0:08:51 17805.77 118441.28 17845.82 17854.83 0.00 0.72 193.66 1034.67
homfam ghf10 1502 5 220.34 364 43.3 93.2 93.7 79.9 86.1 1257.9324 0:20:57 15842.77 123377.65 15813.07 15822.07 0.00 0.41 215.95 2721.21
homfam seatoxin 93 5 43.6344 54 42.6 73.6 71.9 34.7 33.1 300.6415 0:05:00 16365.47 116143.25 16420.05 16427.40 0.00 0.34 132.26 401.93
homfam mofe 2567 6 353.074 609 30.0 82.7 84.2 63.8 70.2 2276.5778 0:37:56 21203.38 121297.71 21117.31 21126.32 0.00 0.71 232.57 5298.92
homfam cyt3 385 6 92.3065 130 40.3 81.8 82.9 57.6 66.1 288.5430 0:04:48 15046.71 120665.82 14963.30 14970.64 0.00 0.49 147.71 430.58
homfam ins 793 6 65.2825 74 44.9 95.6 96.5 72.5 92.0 328.9758 0:05:28 17280.96 116959.93 17189.12 17198.14 0.00 0.35 150.56 499.62
homfam Ald_Xan_dh_2 2589 6 109.304 885 31.8 83.1 83.1 63.6 71.7 2097.8453 0:34:57 14933.88 121314.10 14996.46 15003.80 0.00 0.38 225.54 4736.31
homfam tms 2118 5 264.245 357 45.9 95.7 95.6 83.9 89.9 1462.2426 0:24:22 20415.18 121614.77 20466.55 20473.89 0.00 2.71 246.08 3602.67
homfam phc 2957 12 98.4711 179 37.2 91.1 92.6 66.5 70.0 497.5869 0:08:17 11306.04 110628.09 11275.68 11284.67 0.00 0.00 193.30 0.00
homfam cytb 3206 6 82.1454 100 35.6 82.6 83.9 56.5 60.3 733.6197 0:12:13 18745.02 117805.90 18764.29 18773.32 4.00 0.66 182.24 1341.00
homfam mmp 1427 6 157.93 180 55.1 97.6 97.4 89.9 95.0 710.9618 0:11:50 17957.69 117074.01 17878.72 17887.75 0.00 2.75 219.67 1566.07
homfam phoslip 946 18 113.33 137 48.9 96.8 96.5 77.9 88.0 334.5783 0:05:34 17273.32 116949.13 17273.41 17282.45 0.00 0.35 147.17 496.73
homfam HLH 6781 5 53.5453 92 28.1 89.2 93.7 70.2 77.7 566.8196 0:09:26 15026.31 121543.16 14975.39 14982.73 0.00 0.43 196.17 1117.34
homfam myb_DNA-binding 10398 5 46.5583 61 40.7 94.4 93.3 78.6 85.4 571.5470 0:09:31 20658.58 120121.87 20579.57 20588.57 0.00 0.39 160.35 920.78
homfam msb 4884 8 106.037 158 26.6 87.9 89.0 64.1 78.4 540.7484 0:09:00 15028.93 112757.73 14999.59 15008.61 0.00 0.41 167.88 912.09
homfam ghf1 4358 8 403.813 562 38.4 91.3 92.1 70.6 79.4 3290.6295 0:54:50 15029.75 113286.51 15000.61 15009.63 0.00 0.39 216.84 7139.68
homfam rvp 93681 6 94.2886 132 36.6 88.2 89.2 66.7 73.2 2309.6558 0:38:29 23177.54 121261.98 23211.31 23220.36 0.00 0.39 149.03 3446.56
homfam lyase_1 7632 5 295.082 511 30.9 83.5 83.7 65.6 71.0 2682.8969 0:44:42 15566.87 114233.60 15443.51 15452.50 0.00 0.41 214.61 5762.24
homfam ldh 7367 14 121.378 371 31.9 89.6 89.2 60.0 72.0 1247.8135 0:20:47 16442.38 115204.83 16373.95 16382.96 0.00 0.33 199.30 2491.23
homfam subt 7517 11 301.598 414 39.5 78.0 80.4 29.6 42.6 5631.9889 1:33:51 18500.85 121979.03 18533.04 18542.04 0.00 0.40 303.02 17073.26
homfam sodfe 4455 8 77.4471 219 42.3 90.4 89.5 64.1 68.8 814.2945 0:13:34 20924.74 120146.98 20948.27 20957.32 0.00 0.40 191.88 1566.80
homfam LIM 6428 5 57.0143 86 52.8 97.9 97.9 89.0 96.8 510.1935 0:08:30 15953.46 114876.71 15885.38 15892.76 0.00 0.42 162.57 833.80
homfam blm 9105 8 300.727 274 39.1 94.1 95.1 81.6 84.8 3337.4067 0:55:37 14955.80 121781.88 15005.82 15014.88 0.00 0.41 248.57 8300.87
homfam DMRL_synthase 2099 5 140.59 182 33.2 91.8 89.5 71.0 81.6 445.4550 0:07:25 17134.48 117034.71 17178.30 17187.37 0.00 0.40 165.85 743.09
homfam tRNA-synt_2b 11293 5 177.564 467 18.7 51.9 49.7 28.2 39.4 1884.1673 0:31:24 15054.20 122550.71 15024.50 15033.52 0.00 13.65 267.24 5036.92
homfam Stap_Strp_toxin 640 6 87.3922 254 32.5 82.4 82.6 50.6 57.2 486.5776 0:08:06 16342.21 115585.64 16900.01 16909.06 0.00 0.42 178.90 874.87
homfam Acetyltransf 46285 6 82.9897 229 24.1 59.5 66.6 34.9 44.7 1772.0098 0:29:32 16340.90 123460.26 16270.70 16278.05 0.00 0.42 326.97 5794.98
homfam ghf22 760 12 107.567 131 51.4 93.9 94.2 80.0 83.7 319.6037 0:05:19 17496.39 117028.50 17528.31 17535.66 0.00 0.56 147.99 477.30
homfam sdr 50157 13 163.253 361 23.3 79.3 78.3 32.2 42.4 3580.3144 0:59:40 20581.76 126161.47 20551.92 20560.92 0.00 0.41 179.17 6419.34
homfam ltn 1068 12 204.148 282 49.9 93.8 94.1 69.6 77.1 729.2556 0:12:09 19999.35 118646.98 19913.44 19922.44 0.00 0.65 194.19 1420.46
homfam hpr 3349 5 83.0427 89 44.4 99.3 99.3 97.7 98.5 397.9703 0:06:37 15706.56 114880.95 15677.68 15686.69 0.00 0.34 151.71 608.06
homfam bowman 499 5 26.1443 73 64.9 94.5 94.5 82.9 84.9 267.8119 0:04:27 16283.67 115335.04 16166.44 16173.77 0.00 0.31 126.00 341.82
homfam hip 167 5 66.2096 88 33.4 87.5 86.9 64.3 74.9 293.1599 0:04:53 14994.84 112739.09 15019.09 15026.44 0.00 0.34 142.78 422.96
homfam HMG_box 4779 5 66.0716 89 24.8 97.3 96.2 85.2 93.9 404.4517 0:06:44 18120.36 117516.35 18147.38 18156.39 0.00 0.36 147.07 599.19
homfam icd 5678 5 328.887 433 41.7 94.1 94.5 83.7 87.1 2748.4121 0:45:48 14932.62 114073.44 14975.23 14982.58 0.00 0.42 216.59 5957.10
homfam peroxidase 4514 5 256.626 383 37.3 73.6 77.7 45.0 49.3 1737.7199 0:28:57 16737.32 125069.25 16706.31 16713.67 0.00 0.41 224.81 3912.21
homfam asp 3262 13 284.142 381 37.5 90.7 91.1 73.0 78.4 1862.1133 0:31:02 15128.21 119756.38 15099.00 15108.01 0.00 0.41 228.28 4257.06
homfam flav 4612 6 138.021 183 35.0 84.7 85.3 59.4 62.2 840.1299 0:14:00 15029.32 112693.71 14987.62 14996.62 0.00 0.41 188.17 1585.20
homfam cah 1379 5 212.706 279 38.7 90.7 90.9 73.8 80.8 866.6593 0:14:26 16587.78 116394.96 16649.68 16658.71 0.00 0.42 201.64 1751.79
homfam ace 3989 6 427.824 601 37.3 84.2 86.3 65.2 72.3 4047.1746 1:07:27 16318.34 114952.41 16289.12 16298.12 0.00 0.68 216.44 8764.11
homfam sti 613 5 165.383 198 36.4 84.9 83.4 60.9 66.0 413.5171 0:06:53 15210.62 115210.34 15150.00 15159.07 0.00 0.40 168.07 699.28
homfam aat 25100 10 337.807 476 28.6 86.7 86.8 60.5 68.0 5487.7459 1:31:27 17564.17 124465.75 17533.73 17542.72 0.00 0.39 198.85 10919.23
homfam oxidored_q6 3348 5 123.044 285 56.7 90.4 94.6 77.8 79.4 893.0055 0:14:53 15052.61 118560.61 14976.23 14985.25 0.00 0.71 268.02 2399.42
homfam hormone_rec 3509 5 188.562 308 21.5 75.5 77.3 52.7 67.4 1015.2639 0:16:55 18362.94 119457.18 18390.72 18399.73 0.00 0.43 226.96 2310.47
homfam rhv 17976 6 143.424 938 33.1 63.8 73.7 34.5 42.3 10610.3555 2:56:50 15046.09 124794.80 14976.45 14985.53 4.00 0.39 220.98 23449.39
homfam tgfb 1606 8 95.4645 118 43.8 85.7 90.7 42.7 46.4 364.6417 0:06:04 15573.51 114251.04 15545.98 15554.99 0.00 0.29 151.03 555.09
homfam cryst 1160 7 80.8078 192 44.4 92.8 92.9 72.4 74.7 369.3555 0:06:09 15014.77 112690.24 14996.40 15005.41 0.00 0.61 155.65 579.27
homfam cyclo 6288 6 159.069 203 44.1 88.2 89.3 76.2 78.9 1091.2251 0:18:11 21874.26 124954.51 21908.75 21917.78 0.00 0.41 195.66 2139.53
homfam kunitz 2266 10 53.752 64 37.9 98.9 98.9 95.0 94.7 330.6713 0:05:30 15026.12 112691.40 14997.04 15006.05 0.00 0.34 146.05 487.29
homfam Rhodanese 14049 6 102.277 216 22.7 71.0 72.5 43.2 49.5 1349.2516 0:22:29 15026.87 122755.61 15008.65 15017.67 0.00 0.42 215.20 2910.49
homfam sodcu 2038 7 141.322 169 42.2 93.3 94.0 81.9 85.5 468.0723 0:07:48 17239.17 122058.81 17286.19 17295.20 0.00 1.88 176.18 828.85
homfam profilin 687 5 123.371 144 39.7 93.3 93.4 82.0 84.1 341.2254 0:05:41 10580.33 110466.10 10484.54 10493.60 0.00 0.34 137.48 473.41
homfam glob 3983 41 100.684 174 31.7 93.6 93.3 52.9 53.4 514.7647 0:08:34 15046.00 112806.65 15030.79 15039.78 0.00 0.67 169.87 878.77
homfam tim 3904 10 205.645 260 47.5 98.3 98.1 91.9 95.2 1253.5987 0:20:53 14116.02 118769.04 14086.32 14095.39 0.00 0.40 200.29 2515.48
homfam uce 4558 13 134.701 184 34.0 91.5 90.7 60.2 68.8 591.0060 0:09:51 17464.82 120237.57 17386.84 17395.85 0.00 0.43 210.69 1249.51
homfam toxin 508 20 62.311 78 43.1 94.2 93.0 64.9 73.4 256.0380 0:04:16 18136.91 117343.47 18197.34 18206.34 0.00 0.55 110.88 288.19
homfam rub 1435 5 46.1575 54 62.1 99.2 99.2 96.3 96.7 291.5661 0:04:51 15058.86 112790.32 15086.04 15095.04 0.00 0.33 143.00 421.25
homfam hom 12037 8 53.4951 98 35.3 95.2 94.9 72.5 87.6 571.7272 0:09:31 17764.95 116673.51 17798.11 17805.44 0.00 0.38 156.74 900.38
homfam biotin_lipoyl 11833 7 71.8928 112 28.9 94.6 93.0 75.3 81.0 615.1941 0:10:15 19745.55 118999.20 20202.95 20211.95 0.00 0.39 158.81 981.29
homfam cys 4316 13 198.11 284 40.5 91.8 91.8 61.6 76.7 1151.8099 0:19:11 15028.85 112693.70 14961.93 14970.94 0.00 0.66 196.02 2262.14
homfam ghf11 521 5 167.758 202 49.5 93.1 93.1 81.2 82.5 450.7776 0:07:30 19366.59 118766.26 19874.08 19883.14 0.00 0.42 172.20 780.62
homfam blmb 17200 6 192.465 344 20.6 67.6 71.6 41.5 51.2 2441.4108 0:40:41 18298.29 123712.00 18341.80 18349.14 0.00 0.42 262.77 6426.55
homfam aadh 3127 8 225.129 542 38.2 88.4 88.2 60.5 66.9 1557.6940 0:25:57 20020.96 120162.65 20046.39 20053.75 0.00 0.42 230.61 3598.21
homfam DEATH 1183 7 80.5689 159 19.6 77.0 77.7 50.0 53.2 347.1604 0:05:47 15026.57 113776.36 14997.14 15006.16 0.00 0.34 143.61 502.91
homfam Sulfotransfer 2489 5 235.798 381 26.2 76.5 77.5 47.3 57.5 1277.0925 0:21:17 14186.31 122930.00 14157.63 14166.63 4.00 0.41 216.49 2769.80
homfam serpin 3144 8 291.462 418 34.3 95.8 95.2 83.2 89.7 2047.2108 0:34:07 20666.34 118732.83 20579.88 20587.23 0.00 0.40 216.61 4438.84
homfam proteasome 5732 17 174.347 309 21.7 82.1 81.1 32.4 48.0 1094.5856 0:18:14 20597.98 118621.26 20625.77 20634.75 0.00 0.40 188.21 2064.28
homfam zf-CCHH 88345 15 23.2513 39 35.5 96.9 96.2 88.6 93.0 1601.9489 0:26:41 17106.02 115803.52 17043.46 17050.81 0.00 0.38 138.15 2217.33
homfam egf 7774 12 32.0765 71 31.1 75.0 74.7 30.9 36.7 463.4916 0:07:43 17455.91 116782.48 17784.11 17791.48 0.00 0.39 149.30 696.26
homfam annexin 3139 6 65.1902 323 57.2 99.8 99.9 99.4 99.4 899.5783 0:14:59 15000.34 112756.55 14991.00 14998.35 0.00 0.41 206.16 1858.94
homfam OTCace 4795 5 157.005 350 37.3 95.7 95.8 85.5 88.8 1051.5849 0:17:31 17955.29 117531.09 17870.97 17879.97 0.00 0.65 194.27 2047.07
homfam rnasemam 498 6 120.072 141 42.2 91.3 89.2 63.4 73.1 293.6787 0:04:53 15096.14 112764.14 15070.75 15079.79 0.00 0.34 145.53 431.73
homfam adh 21331 5 123.64 375 63.9 98.9 98.9 97.6 97.9 2083.7031 0:34:43 16459.71 115748.36 16430.05 16439.07 0.00 0.43 193.95 4045.86
homfam il8 1073 11 63.7623 81 34.5 89.2 88.9 62.3 74.1 299.5123 0:04:59 15310.04 114065.19 15281.66 15290.65 0.00 0.33 139.37 421.79
homfam hr 3707 5 65.1513 82 53.3 99.1 99.1 94.9 99.1 410.0486 0:06:50 19193.00 122303.73 19227.84 19235.20 0.00 1.45 168.06 693.45
homfam ChtBD 774 5 38.2713 45 59.3 96.6 97.3 86.0 89.4 258.3509 0:04:18 17438.55 116390.82 17358.70 17367.74 0.00 0.44 135.86 355.32
homfam gluts 10099 14 98.1117 235 39.4 41.0 57.7 6.0 5.8 1207.2416 0:20:07 16218.70 122212.15 16140.51 16149.51 0.00 0.41 204.97 2480.24
homfam ghf5 2717 6 260.466 470 17.8 66.9 68.4 35.7 50.9 2079.6826 0:34:39 20339.89 120141.64 20364.32 20373.32 0.00 0.45 236.02 4914.67
homfam ghf13 12607 10 264.452 626 26.8 69.0 69.9 29.9 40.7 3556.5297 0:59:16 15120.08 121519.38 15109.73 15118.73 0.00 0.40 288.54 10267.54
homfam PDZ 14950 6 80.8907 110 30.6 89.9 89.6 75.8 78.9 777.6439 0:12:57 15846.71 122144.95 15791.80 15800.87 0.00 0.41 179.13 1398.26
homfam az 1086 29 100.416 215 33.4 77.6 77.3 34.2 34.4 349.4986 0:05:49 15024.58 116818.56 14995.64 15004.69 0.00 0.75 170.85 601.45
homfam hla 13465 5 153.148 178 76.5 100.0 100.0 100.0 100.0 1328.1800 0:22:08 21113.86 120120.33 21140.84 21149.84 0.00 0.39 174.57 2322.93
homfam slectin 932 5 133.052 142 33.3 97.2 97.9 89.8 93.6 515.2640 0:08:35 18059.49 117406.19 18096.88 18105.88 0.00 0.41 181.19 937.97
homfam GEL 2195 5 78.1157 150 23.7 69.4 68.9 37.0 52.8 390.8927 0:06:30 18427.64 117123.01 18434.68 18443.68 0.00 0.35 159.40 627.37
homfam kringle 1091 9 75.9138 100 43.3 93.1 92.4 75.3 81.1 307.2786 0:05:07 15755.66 115187.26 15727.31 15736.33 0.00 0.34 138.00 428.38
homfam p450 21013 12 331.506 512 20.8 76.4 76.9 36.9 45.4 7940.8206 2:12:20 17623.83 125528.53 17594.62 17603.63 0.00 0.68 212.47 16875.68
homfam gpdh 7691 8 129.082 360 55.1 95.7 95.7 84.9 89.5 1240.2262 0:20:40 17593.20 117116.08 17462.84 17471.87 0.00 0.64 197.23 2450.42
homfam int 7572 5 168.037 219 22.5 85.1 87.0 66.3 70.5 1237.1065 0:20:37 15743.89 121967.11 15714.55 15723.60 0.00 0.41 212.38 2634.06
homfam KAS 2070 6 174.528 404 31.7 63.1 85.0 38.2 35.4 828.2555 0:13:48 18477.19 117069.39 18337.33 18346.33 0.00 0.39 194.22 1612.99
homfam trfl 837 7 242.315 702 61.9 94.9 95.6 88.6 89.4 1422.8210 0:23:42 15025.17 112950.72 14996.03 15005.04 0.00 0.66 224.51 3198.69
homfam TNF 556 5 119.903 176 32.0 86.0 85.3 70.1 74.5 310.2293 0:05:10 15124.45 112854.14 15046.57 15055.57 0.00 0.59 134.82 422.60
homfam scorptoxin 363 8 53.2562 74 46.3 92.9 91.7 80.8 86.0 246.7036 0:04:06 14989.58 113076.73 14996.33 15005.34 0.00 0.30 115.19 288.50
homfam aldosered 13277 7 268.547 386 41.6 85.2 90.2 67.4 74.5 3640.8020 1:00:40 22026.73 126477.37 21950.30 21957.66 0.00 0.41 227.97 8308.60
homfam rrm 27610 20 67.4587 157 22.9 87.1 85.3 20.7 28.1 1059.2219 0:17:39 17398.21 116409.28 17303.60 17312.62 0.00 0.42 167.79 1781.67
