homfam ricin 747 7 198.708 281 37.5 75.6 76.4 53.8 57.9 275.9341 0:04:35 6975.10 105672.09 6944.22 6951.53 0.00 0.32 148.32 413.59
homfam ghf10 1502 5 220.34 364 43.3 92.3 92.5 79.3 85.2 385.2063 0:06:25 7526.44 108381.62 7496.73 7505.67 0.00 0.32 180.48 699.49
homfam seatoxin 93 5 43.6344 54 42.6 73.6 71.9 34.7 33.1 188.5270 0:03:08 6069.27 104873.78 6040.39 6049.32 0.00 0.52 116.58 224.09
homfam mofe 2567 6 353.074 609 30.0 75.7 75.7 54.2 60.4 619.8778 0:10:19 8391.46 106989.92 8361.11 8370.07 0.00 4.02 190.89 1187.49
homfam cyt3 385 6 92.3065 130 40.3 79.1 80.2 57.6 65.7 182.0801 0:03:02 6319.39 105054.54 6289.79 6298.73 0.00 0.26 118.68 220.43
homfam ins 793 6 65.2825 74 44.9 93.2 93.9 68.1 82.2 189.0129 0:03:09 6322.35 104988.20 6292.55 6301.50 0.00 0.52 117.06 225.47
homfam Ald_Xan_dh_2 2589 6 109.304 885 31.8 22.0 21.4 17.4 16.2 737.3171 0:12:17 6456.64 105129.86 6426.95 6435.87 0.00 0.30 222.10 1641.90
homfam tms 2118 5 264.245 357 45.9 93.5 93.7 79.6 85.0 494.0508 0:08:14 7447.56 106018.65 7417.62 7426.58 4.00 0.35 188.49 935.40
homfam phc 2957 12 98.4711 179 37.2 73.9 89.0 35.2 35.1 209.6354 0:03:29 6469.84 105099.72 6440.25 6449.18 0.00 0.29 137.55 292.72
homfam cytb 3206 6 82.1454 100 35.6 81.5 82.7 55.4 59.0 253.8443 0:04:13 6346.40 104978.29 6317.74 6326.66 0.00 0.55 145.16 372.78
homfam mmp 1427 6 157.93 180 55.1 96.9 97.3 93.5 95.5 257.7212 0:04:17 6833.83 105425.20 6803.80 6812.80 0.00 1.98 160.71 418.53
homfam phoslip 946 18 113.33 137 48.9 93.8 93.5 71.3 80.1 200.9975 0:03:20 6525.92 105178.80 6496.13 6505.05 0.00 0.30 140.86 287.43
homfam HLH 6781 5 53.5453 92 28.1 90.1 91.6 85.7 87.1 216.4031 0:03:36 6283.92 104895.97 6254.35 6263.28 0.00 0.53 138.22 303.43
homfam myb_DNA-binding 10398 5 46.5583 61 40.7 95.2 94.1 80.4 86.0 220.4586 0:03:40 6232.30 104886.78 6202.52 6209.80 0.00 0.29 136.65 305.58
homfam msb 4884 8 106.037 158 26.6 92.9 92.5 75.9 82.7 220.5325 0:03:40 6471.30 105088.82 6441.77 6450.70 0.00 0.52 127.49 285.37
homfam ghf1 4358 8 403.813 562 38.4 89.8 91.3 66.4 74.5 917.7943 0:15:17 8872.14 107503.11 8841.96 8850.89 0.00 0.34 193.23 1777.84
homfam rvp 93681 6 94.2886 132 36.6 29.4 60.6 6.3 7.1 547.9460 0:09:07 6565.07 105044.81 6535.02 6543.94 0.00 0.61 166.90 918.83
homfam lyase_1 7632 5 295.082 511 30.9 71.5 72.5 49.1 50.5 714.9125 0:11:54 7244.90 105800.08 7213.92 7221.19 0.00 0.34 199.39 1429.82
homfam ldh 7367 14 121.378 371 31.9 53.6 52.7 24.1 28.4 426.0097 0:07:06 6652.59 105212.21 6622.33 6631.27 0.00 0.58 186.63 799.44
homfam subt 7517 11 301.598 414 39.5 79.2 82.3 32.1 43.6 1256.1503 0:20:56 7379.06 105936.52 7348.66 7357.64 0.00 0.60 217.08 2731.22
homfam sodfe 4455 8 77.4471 219 42.3 50.7 50.4 22.5 23.6 289.8018 0:04:49 6381.54 104979.81 6351.64 6360.62 0.00 0.35 173.03 505.65
homfam LIM 6428 5 57.0143 86 52.8 97.9 97.9 89.0 96.8 201.4750 0:03:21 6233.29 104904.18 6203.41 6212.32 0.00 0.29 143.38 293.21
homfam blm 9105 8 300.727 274 39.1 88.2 89.7 72.3 75.1 991.3083 0:16:31 7973.73 106428.32 7943.60 7952.52 0.00 0.37 208.55 2071.54
homfam DMRL_synthase 2099 5 140.59 182 33.2 91.2 90.4 71.6 81.8 220.7215 0:03:40 6629.02 105238.75 6598.79 6607.76 0.00 0.29 123.32 276.51
homfam tRNA-synt_2b 11293 5 177.564 467 18.7 53.2 47.9 31.4 44.2 518.9191 0:08:38 6988.14 105486.58 6956.80 6964.08 0.00 0.33 190.62 993.48
homfam Stap_Strp_toxin 640 6 87.3922 254 32.5 32.6 32.2 5.3 6.5 204.3055 0:03:24 6364.70 105029.07 6335.00 6343.97 0.00 0.30 144.91 300.40
homfam Acetyltransf 46285 6 82.9897 229 24.1 58.4 62.8 32.3 40.9 415.7654 0:06:55 6562.32 105063.85 6531.89 6540.83 0.00 0.61 171.32 716.64
homfam ghf22 760 12 107.567 131 51.4 94.4 94.6 83.1 85.6 194.1891 0:03:14 6429.02 105152.39 6398.92 6407.86 0.00 0.28 109.33 216.66
homfam sdr 50157 13 163.253 361 23.3 68.2 65.6 34.7 44.1 832.6498 0:13:52 7145.20 105312.16 7113.66 7120.99 0.00 0.35 191.87 1601.86
homfam ltn 1068 12 204.148 282 49.9 93.6 93.9 73.5 79.6 319.2518 0:05:19 7137.93 105801.18 7107.55 7116.53 0.00 1.48 169.66 545.97
homfam hpr 3349 5 83.0427 89 44.4 99.3 99.3 97.7 98.5 197.9656 0:03:17 6362.32 104989.14 6332.23 6341.19 0.00 1.27 142.59 286.63
homfam bowman 499 5 26.1443 73 64.9 94.2 94.2 82.9 84.9 158.9670 0:02:38 6045.99 104779.62 6015.17 6022.45 0.00 0.28 105.40 171.85
homfam hip 167 5 66.2096 88 33.4 81.7 81.5 57.1 69.2 185.1631 0:03:05 6189.22 104982.39 6160.38 6169.30 0.00 0.28 122.56 231.25
homfam HMG_box 4779 5 66.0716 89 24.8 97.3 96.2 85.2 93.9 193.3185 0:03:13 6254.77 104924.13 6225.14 6234.06 0.00 0.28 113.45 223.65
homfam icd 5678 5 328.887 433 41.7 90.0 90.4 74.9 76.5 755.0242 0:12:35 8112.13 106697.58 8082.08 8091.05 0.00 0.36 199.04 1507.20
homfam peroxidase 4514 5 256.626 383 37.3 64.1 68.0 39.8 44.5 544.9261 0:09:04 6960.17 105552.73 6929.80 6938.73 0.00 0.57 193.38 1058.05
homfam asp 3262 13 284.142 381 37.5 91.7 92.4 73.3 80.0 593.6352 0:09:53 7728.39 106302.28 7698.15 7707.12 0.00 0.36 196.44 1170.43
homfam flav 4612 6 138.021 183 35.0 87.5 89.0 65.1 66.6 312.6823 0:05:12 6616.93 105270.16 6587.47 6596.42 0.00 0.34 162.68 512.96
homfam cah 1379 5 212.706 279 38.7 88.6 89.9 67.9 76.9 337.2661 0:05:37 6854.30 105517.75 6824.56 6833.48 0.00 0.33 166.14 564.68
homfam ace 3989 6 427.824 601 37.3 81.5 84.1 59.7 66.7 1046.2373 0:17:26 9783.09 108383.22 9753.09 9762.00 0.00 0.61 195.35 2048.12
homfam sti 613 5 165.383 198 36.4 79.7 80.2 56.5 61.4 217.9195 0:03:37 6700.91 105366.50 6670.86 6679.79 0.00 0.29 123.72 273.90
homfam aat 25100 10 337.807 476 28.6 82.2 82.3 53.9 59.7 1484.8316 0:24:44 7640.01 106140.13 7608.62 7615.86 0.00 0.35 202.29 3008.00
homfam oxidored_q6 3348 5 123.044 285 56.7 70.1 70.6 52.3 53.7 296.8864 0:04:56 6606.98 105179.75 6576.80 6585.75 0.00 0.33 169.81 508.38
homfam hormone_rec 3509 5 188.562 308 21.5 70.3 69.9 45.9 58.6 352.9888 0:05:52 7030.97 105603.12 6999.81 7007.09 0.00 0.35 177.47 630.80
homfam rhv 17976 6 143.424 938 33.1 20.3 40.5 1.6 0.2 2925.2659 0:48:45 6698.41 105444.48 6668.89 6677.82 0.00 0.61 216.03 6323.85
homfam tgfb 1606 8 95.4645 118 43.8 83.4 89.4 35.0 43.6 194.2349 0:03:14 6376.02 105063.59 6346.20 6355.12 0.00 0.27 110.16 218.31
homfam cryst 1160 7 80.8078 192 44.4 80.6 93.0 34.3 35.1 200.0253 0:03:20 6396.08 104996.64 6365.18 6372.48 0.00 0.30 147.47 299.33
homfam cyclo 6288 6 159.069 203 44.1 86.7 90.4 71.4 73.3 376.2160 0:06:16 6786.04 105376.73 6756.53 6765.50 0.00 0.34 172.02 651.48
homfam kunitz 2266 10 53.752 64 37.9 98.9 98.9 95.0 94.7 178.5037 0:02:58 6206.57 104914.81 6177.56 6186.50 0.00 0.28 120.26 218.90
homfam Rhodanese 14049 6 102.277 216 22.7 73.1 72.1 41.1 47.6 384.2921 0:06:24 6505.70 105096.67 6475.43 6484.38 0.00 0.61 177.56 686.64
homfam sodcu 2038 7 141.322 169 42.2 86.3 87.7 68.7 73.8 229.4985 0:03:49 6682.72 105270.31 6652.84 6661.76 0.00 0.58 147.37 342.52
homfam profilin 687 5 123.371 144 39.7 92.8 93.2 80.5 81.9 208.0144 0:03:28 6480.46 105151.69 6451.11 6460.04 4.00 0.29 129.46 273.35
homfam glob 3983 41 100.684 174 31.7 79.4 79.6 34.1 35.1 220.4914 0:03:40 6450.06 105059.53 6420.33 6429.26 0.00 0.53 129.58 290.03
homfam tim 3904 10 205.645 260 47.5 98.1 98.0 91.9 95.2 439.4948 0:07:19 6866.07 105530.06 6834.80 6842.07 0.00 2.59 183.38 810.28
homfam uce 4558 13 134.701 184 34.0 91.6 94.1 63.3 70.3 257.6740 0:04:17 6708.74 105271.48 6678.74 6687.70 0.00 4.42 153.51 399.62
homfam toxin 508 20 62.311 78 43.1 87.4 86.4 53.2 59.4 168.4713 0:02:48 6148.47 104839.64 6119.09 6128.02 0.00 0.40 130.44 224.07
homfam rub 1435 5 46.1575 54 62.1 99.2 99.2 96.3 96.7 166.4129 0:02:46 6132.45 104863.04 6102.47 6111.40 0.00 0.00 132.77 0.00
homfam hom 12037 8 53.4951 98 35.3 93.2 93.5 62.3 77.5 227.6118 0:03:47 6250.27 104911.79 6220.48 6229.43 0.00 2.89 154.27 355.48
homfam biotin_lipoyl 11833 7 71.8928 112 28.9 96.5 94.8 81.2 84.2 248.0798 0:04:08 6312.95 104948.54 6281.68 6288.95 0.00 0.30 149.20 374.44
homfam cys 4316 13 198.11 284 40.5 93.3 93.6 69.8 79.8 453.1446 0:07:33 7125.05 105750.95 7094.88 7103.83 0.00 0.57 181.53 826.92
homfam ghf11 521 5 167.758 202 49.5 90.4 90.8 75.5 77.9 227.6738 0:03:47 6584.77 105226.43 6554.92 6563.84 0.00 0.82 146.04 336.81
homfam blmb 17200 6 192.465 344 20.6 69.4 69.3 40.0 51.0 633.1704 0:10:33 7130.03 105567.18 7099.63 7108.57 0.00 0.36 194.78 1237.61
homfam aadh 3127 8 225.129 542 38.2 56.5 58.4 30.8 33.7 532.3558 0:08:52 6987.94 105562.59 6957.81 6966.74 0.00 0.37 196.57 1050.86
homfam DEATH 1183 7 80.5689 159 19.6 79.4 80.6 40.3 54.8 192.9411 0:03:12 6327.68 104993.30 6298.05 6306.99 0.00 0.28 113.70 223.73
homfam Sulfotransfer 2489 5 235.798 381 26.2 79.6 80.7 51.7 61.8 423.4865 0:07:03 7434.13 106054.99 7404.08 7413.01 0.00 0.34 185.14 788.43
homfam serpin 3144 8 291.462 418 34.3 95.4 95.0 79.6 86.4 607.3491 0:10:07 8016.62 106634.97 7986.39 7995.30 0.00 0.32 190.31 1160.28
homfam proteasome 5732 17 174.347 309 21.7 83.9 79.8 30.0 44.7 391.1927 0:06:31 6784.06 105383.96 6754.27 6763.25 0.00 0.35 178.04 700.79
homfam zf-CCHH 88345 15 23.2513 39 35.5 96.6 96.0 85.7 89.3 347.4355 0:05:47 6238.04 104898.69 6207.16 6214.44 0.00 11.00 151.19 529.61
homfam egf 7774 12 32.0765 71 31.1 76.1 74.0 23.5 35.7 193.5539 0:03:13 6136.16 104805.60 6105.96 6113.24 0.00 0.28 118.62 233.84
homfam annexin 3139 6 65.1902 323 57.2 99.7 99.8 99.4 99.4 304.9687 0:05:04 6329.99 104943.11 6300.29 6309.25 0.00 0.34 171.37 526.82
homfam OTCace 4795 5 157.005 350 37.3 55.5 55.6 42.4 43.4 373.6249 0:06:13 6773.90 105352.29 6744.08 6753.06 0.00 0.34 177.90 669.03
homfam rnasemam 498 6 120.072 141 42.2 86.4 84.8 59.0 68.8 190.6714 0:03:10 6412.19 105142.08 6380.32 6389.24 0.00 0.28 111.03 216.02
homfam adh 21331 5 123.64 375 63.9 80.9 80.9 66.4 66.8 558.8096 0:09:18 6705.30 105216.31 6674.95 6683.95 0.00 18.36 195.63 1097.55
homfam il8 1073 11 63.7623 81 34.5 88.5 88.4 58.4 69.9 175.1889 0:02:55 6245.05 104948.13 6215.98 6224.96 0.00 0.28 127.84 228.30
homfam hr 3707 5 65.1513 82 53.3 100.0 100.0 100.0 100.0 185.4821 0:03:05 6257.88 104975.17 6229.09 6238.03 0.00 0.28 118.46 224.05
homfam ChtBD 774 5 38.2713 45 59.3 97.6 98.3 90.7 93.2 159.6752 0:02:39 6096.96 104842.95 6067.35 6076.29 0.00 0.51 102.79 168.44
homfam gluts 10099 14 98.1117 235 39.4 66.5 66.5 29.6 31.7 400.5538 0:06:40 6455.30 105028.55 6424.19 6431.47 0.00 0.34 181.77 732.41
homfam ghf5 2717 6 260.466 470 17.8 62.7 62.0 32.1 46.0 551.2353 0:09:11 7160.27 105773.41 7129.97 7138.90 0.00 0.58 194.65 1077.36
homfam ghf13 12607 10 264.452 626 26.8 51.0 54.8 18.2 24.6 955.4582 0:15:55 7725.45 106224.19 7695.02 7704.00 0.00 0.35 203.73 1950.78
homfam PDZ 14950 6 80.8907 110 30.6 92.2 92.8 82.8 83.2 265.3530 0:04:25 6390.55 105018.95 6360.45 6369.37 0.00 0.27 155.31 416.44
homfam az 1086 29 100.416 215 33.4 75.1 76.6 34.2 33.4 202.3154 0:03:22 6430.83 105047.96 6400.91 6409.85 0.00 0.30 143.00 293.64
homfam hla 13465 5 153.148 178 76.5 98.7 100.0 97.8 97.8 433.8771 0:07:13 6843.69 105430.86 6813.85 6822.81 0.00 0.35 173.93 758.92
homfam slectin 932 5 133.052 142 33.3 93.1 94.1 84.7 88.7 219.8619 0:03:39 6612.88 105284.80 6583.99 6592.94 0.00 0.53 127.39 284.39
homfam GEL 2195 5 78.1157 150 23.7 69.2 64.6 39.0 56.7 192.7969 0:03:12 6312.52 104991.89 6282.56 6291.53 0.00 0.28 112.12 220.50
homfam kringle 1091 9 75.9138 100 43.3 85.0 86.7 65.2 67.8 182.5239 0:03:02 6300.05 105002.29 6271.09 6280.00 0.00 0.28 119.58 222.60
homfam p450 21013 12 331.506 512 20.8 76.5 77.0 35.5 44.3 2139.3908 0:35:39 8499.10 107095.56 8469.14 8478.06 0.00 0.34 201.19 4308.69
homfam gpdh 7691 8 129.082 360 55.1 62.9 62.8 44.4 44.7 393.9587 0:06:33 6741.07 105271.22 6709.76 6717.04 0.00 0.32 180.63 715.90
homfam int 7572 5 168.037 219 22.5 85.2 86.7 64.4 68.3 410.0706 0:06:50 6866.44 105467.77 6835.09 6842.40 0.00 0.37 182.04 750.80
homfam KAS 2070 6 174.528 404 31.7 41.4 45.9 22.2 17.1 339.5463 0:05:39 6980.21 105496.34 6950.79 6959.76 0.00 0.34 163.06 557.82
homfam trfl 837 7 242.315 702 61.9 93.5 95.2 88.0 86.8 483.7035 0:08:03 7759.20 106316.27 7728.80 7736.08 0.00 0.34 190.46 925.64
homfam TNF 556 5 119.903 176 32.0 80.5 80.7 55.4 61.0 197.0172 0:03:17 6498.89 105200.08 6469.14 6478.09 0.00 0.78 142.31 284.70
homfam scorptoxin 363 8 53.2562 74 46.3 90.8 90.2 68.5 80.5 160.9942 0:02:40 6118.44 104857.57 6088.02 6095.28 0.00 0.27 102.90 169.90
homfam aldosered 13277 7 268.547 386 41.6 88.5 90.7 66.8 75.2 964.3287 0:16:04 7175.25 105704.39 7144.98 7153.95 0.00 0.35 208.30 2013.04
homfam rrm 27610 20 67.4587 157 22.9 85.3 83.5 20.7 28.1 321.7291 0:05:21 6378.13 104984.89 6347.75 6356.74 0.00 0.59 164.83 534.40
