homfam ricin 747 7 198.708 281 37.5 84.9 86.8 67.4 74.5 283.3473 0:04:43 7028.96 105662.91 6998.87 7007.78 0.00 0.32 145.42 416.38
homfam ghf10 1502 5 220.34 364 43.3 92.6 92.9 78.3 84.6 443.6729 0:07:23 7496.35 117337.91 7466.62 7473.96 0.00 0.36 198.02 883.48
homfam seatoxin 93 5 43.6344 54 42.6 73.6 71.9 34.7 33.1 187.8703 0:03:07 6071.59 104875.59 6042.55 6051.49 0.00 0.29 119.24 228.31
homfam mofe 2567 6 353.074 609 30.0 71.2 74.9 47.0 52.8 646.3245 0:10:46 8448.79 107019.03 8418.43 8427.36 0.00 0.34 190.14 1233.30
homfam cyt3 385 6 92.3065 130 40.3 71.4 73.9 48.3 55.2 185.4783 0:03:05 6360.56 105063.24 6331.41 6340.41 0.00 0.29 115.95 219.39
homfam ins 793 6 65.2825 74 44.9 94.2 94.2 69.6 92.1 198.1892 0:03:18 6356.95 114214.60 6326.78 6335.75 0.00 0.58 236.13 472.67
homfam Ald_Xan_dh_2 2589 6 109.304 885 31.8 83.3 83.5 63.8 72.0 836.6613 0:13:56 6449.77 105090.43 6420.01 6428.94 0.00 0.55 229.58 1925.27
homfam tms 2118 5 264.245 357 45.9 95.2 95.2 82.5 88.5 471.5964 0:07:51 7343.72 116543.87 7314.00 7322.96 0.00 0.63 264.63 1254.82
homfam phc 2957 12 98.4711 179 37.2 51.4 69.3 1.1 0.7 239.4705 0:03:59 6480.75 116287.98 6451.67 6460.61 0.00 0.32 373.97 903.20
homfam cytb 3206 6 82.1454 100 35.6 83.8 84.3 60.9 66.3 255.3573 0:04:15 6337.61 104996.56 6307.97 6316.92 0.00 0.31 144.07 372.23
homfam mmp 1427 6 157.93 180 55.1 97.0 97.1 89.9 95.3 280.5404 0:04:40 6866.19 105472.84 6834.70 6841.98 0.00 0.32 151.08 428.10
homfam phoslip 946 18 113.33 137 48.9 92.8 92.5 68.4 78.0 209.3484 0:03:29 6504.24 105118.63 6474.88 6483.84 0.00 0.29 128.63 273.30
homfam HLH 6781 5 53.5453 92 28.1 83.8 92.3 64.3 75.4 227.2633 0:03:47 6309.25 114121.66 6280.43 6289.35 0.00 3.09 308.10 704.52
homfam myb_DNA-binding 10398 5 46.5583 61 40.7 94.0 92.9 78.6 84.0 222.2538 0:03:42 6226.49 104892.47 6195.98 6203.27 0.00 0.29 136.95 308.70
homfam msb 4884 8 106.037 158 26.6 84.4 88.5 60.7 71.5 227.3545 0:03:47 6463.18 114300.59 6434.34 6443.26 0.00 3.93 199.92 458.83
homfam ghf1 4358 8 403.813 562 38.4 90.0 91.9 69.0 76.6 1010.2378 0:16:50 9090.59 116893.21 9060.04 9069.00 0.00 0.35 225.29 2280.29
homfam rvp 93681 6 94.2886 132 36.6 34.4 74.7 6.3 7.1 568.2932 0:09:28 6639.25 116335.36 6608.89 6617.89 0.00 0.34 322.55 1833.17
homfam lyase_1 7632 5 295.082 511 30.9 77.2 77.2 57.3 60.3 785.1323 0:13:05 7239.07 105798.34 7208.91 7217.83 0.00 0.36 204.47 1609.67
homfam ldh 7367 14 121.378 371 31.9 88.9 88.2 56.8 67.3 429.5654 0:07:09 6637.62 105232.54 6606.14 6613.41 0.00 0.31 185.70 802.06
homfam subt 7517 11 301.598 414 39.5 77.2 81.2 32.4 43.9 1497.8561 0:24:57 7634.23 117189.83 7602.91 7610.22 0.00 0.34 516.70 7737.91
homfam sodfe 4455 8 77.4471 219 42.3 90.9 90.1 63.6 68.3 304.7794 0:05:04 6364.05 105008.91 6334.45 6343.38 0.00 0.35 170.68 524.52
homfam LIM 6428 5 57.0143 86 52.8 97.9 97.9 89.0 96.8 196.2662 0:03:16 6226.39 104943.62 6196.73 6205.69 0.00 0.28 113.47 227.03
homfam blm 9105 8 300.727 274 39.1 89.7 91.2 72.7 75.5 961.2696 0:16:01 8033.86 117788.29 8005.16 8014.15 0.00 0.36 323.89 3119.85
homfam DMRL_synthase 2099 5 140.59 182 33.2 90.1 88.8 69.2 79.3 216.0009 0:03:36 6666.68 105277.40 6636.87 6645.84 0.00 0.29 127.12 278.92
homfam tRNA-synt_2b 11293 5 177.564 467 18.7 47.9 46.0 26.2 36.5 539.3117 0:08:59 6963.09 116684.64 6933.93 6942.93 0.00 0.35 422.11 2284.50
homfam Stap_Strp_toxin 640 6 87.3922 254 32.5 73.5 76.3 36.6 41.7 204.0338 0:03:24 6333.87 104992.25 6304.46 6313.40 0.00 0.30 146.45 303.13
homfam Acetyltransf 46285 6 82.9897 229 24.1 63.8 62.0 32.3 41.0 554.5432 0:09:14 6571.92 116315.07 6546.09 6555.04 0.00 0.63 653.17 3631.46
homfam ghf22 760 12 107.567 131 51.4 94.1 94.3 80.0 82.8 193.9449 0:03:13 6395.48 105112.70 6365.48 6374.41 0.00 0.52 109.22 216.17
homfam sdr 50157 13 163.253 361 23.3 79.3 78.4 32.8 43.5 848.6656 0:14:08 6839.81 116464.48 6813.43 6822.44 0.00 0.35 217.62 1853.01
homfam ltn 1068 12 204.148 282 49.9 93.9 94.4 71.9 79.8 319.9774 0:05:19 7127.95 116337.75 7098.61 7107.57 0.00 0.62 182.49 588.96
homfam hpr 3349 5 83.0427 89 44.4 99.3 99.3 97.7 98.5 196.7312 0:03:16 6308.14 104992.90 6278.13 6287.11 0.00 0.00 149.92 0.00
homfam bowman 499 5 26.1443 73 64.9 94.2 94.2 82.9 84.9 157.6557 0:02:37 6053.31 104816.48 6023.56 6032.54 0.00 0.27 105.41 170.54
homfam hip 167 5 66.2096 88 33.4 79.6 79.1 52.4 62.5 192.9370 0:03:12 6151.38 104900.89 6122.16 6131.09 0.00 0.52 109.19 214.79
homfam HMG_box 4779 5 66.0716 89 24.8 97.3 96.2 85.2 93.9 195.1042 0:03:15 6253.09 104937.04 6223.82 6232.81 0.00 0.28 113.25 225.30
homfam icd 5678 5 328.887 433 41.7 90.0 90.9 75.5 78.3 811.7126 0:13:31 8080.29 117864.02 8050.24 8059.15 0.00 0.37 210.02 1709.59
homfam peroxidase 4514 5 256.626 383 37.3 60.1 64.0 27.2 30.3 537.6142 0:08:57 6921.92 116755.82 6892.90 6901.85 0.00 0.61 334.44 1808.32
homfam asp 3262 13 284.142 381 37.5 89.2 89.8 66.0 72.4 646.9723 0:10:46 7746.05 106397.18 7715.16 7722.40 0.00 0.34 196.56 1276.07
homfam flav 4612 6 138.021 183 35.0 80.8 82.3 50.9 51.2 314.8187 0:05:14 6622.62 105279.24 6591.71 6599.00 0.00 0.34 158.04 501.91
homfam cah 1379 5 212.706 279 38.7 89.6 90.8 70.1 79.8 354.9969 0:05:54 6841.51 107793.28 6812.96 6821.88 0.00 0.57 174.64 624.24
homfam ace 3989 6 427.824 601 37.3 80.5 84.2 59.5 66.2 1211.9549 0:20:11 9731.12 119438.07 9701.31 9710.26 0.00 0.34 208.57 2532.73
homfam sti 613 5 165.383 198 36.4 78.5 78.2 51.1 56.2 219.1604 0:03:39 6745.04 105411.72 6715.41 6724.33 0.00 0.29 122.59 273.01
homfam aat 25100 10 337.807 476 28.6 83.8 84.0 51.0 57.7 1504.1925 0:25:04 7893.64 115544.93 7863.23 7872.19 0.00 0.35 250.24 3768.37
homfam oxidored_q6 3348 5 123.044 285 56.7 90.0 92.0 80.5 81.7 336.3825 0:05:36 6610.21 105204.59 6580.11 6589.03 0.00 0.35 174.12 590.04
homfam hormone_rec 3509 5 188.562 308 21.5 66.7 70.8 40.9 52.5 367.8755 0:06:07 7036.21 105609.40 7004.94 7012.23 0.00 0.35 167.99 622.31
homfam rhv 17976 6 143.424 938 33.1 29.0 49.1 5.0 5.2 2692.9577 0:44:52 6703.59 116614.19 6674.79 6683.80 0.00 0.34 343.87 9270.75
homfam tgfb 1606 8 95.4645 118 43.8 79.6 86.9 29.9 37.3 197.7734 0:03:17 6393.70 114302.43 6363.69 6372.66 0.00 0.76 159.39 319.55
homfam cryst 1160 7 80.8078 192 44.4 92.5 92.3 70.7 74.3 201.9962 0:03:21 6340.68 104976.07 6310.07 6319.01 0.00 0.30 145.57 298.37
homfam cyclo 6288 6 159.069 203 44.1 87.2 89.4 74.6 77.0 386.2918 0:06:26 6805.67 116609.98 6779.50 6788.53 0.00 0.36 294.82 1146.48
homfam kunitz 2266 10 53.752 64 37.9 97.9 97.9 90.0 89.3 173.0539 0:02:53 6204.17 104902.94 6174.26 6183.19 0.00 0.52 129.54 228.47
homfam Rhodanese 14049 6 102.277 216 22.7 68.5 75.5 48.4 49.3 401.1780 0:06:41 6501.52 105095.20 6471.88 6480.86 0.00 0.35 169.60 684.67
homfam sodcu 2038 7 141.322 169 42.2 87.4 88.0 70.5 75.4 230.9679 0:03:50 6745.85 115946.43 6714.89 6722.19 0.00 0.32 157.41 368.28
homfam profilin 687 5 123.371 144 39.7 95.1 95.4 87.5 87.8 202.1875 0:03:22 6491.44 105181.18 6461.72 6470.68 0.00 0.30 140.57 288.55
homfam glob 3983 41 100.684 174 31.7 94.9 94.6 53.5 54.1 223.7931 0:03:43 6434.27 105021.35 6404.69 6413.61 0.00 0.29 127.35 289.32
homfam tim 3904 10 205.645 260 47.5 97.9 97.9 91.5 94.6 469.7948 0:07:49 6857.53 114740.77 6827.18 6836.13 0.00 0.37 194.36 917.44
homfam uce 4558 13 134.701 184 34.0 91.2 92.7 66.3 74.0 265.5548 0:04:25 6699.88 116504.74 6670.80 6678.11 0.00 0.33 262.69 704.51
homfam toxin 508 20 62.311 78 43.1 89.4 88.1 48.1 54.7 166.1231 0:02:46 6158.23 104909.06 6129.00 6137.94 0.00 0.27 100.89 171.89
homfam rub 1435 5 46.1575 54 62.1 99.2 99.2 96.3 96.7 176.3945 0:02:56 6143.82 104878.76 6114.66 6123.59 0.00 0.26 117.07 210.48
homfam hom 12037 8 53.4951 98 35.3 93.5 93.7 63.8 77.9 226.7239 0:03:46 6237.93 104914.34 6208.39 6217.38 0.00 0.00 167.52 0.00
homfam biotin_lipoyl 11833 7 71.8928 112 28.9 95.0 93.4 76.5 82.3 245.9184 0:04:05 6329.08 104991.15 6298.87 6307.78 0.00 0.54 148.36 369.05
homfam cys 4316 13 198.11 284 40.5 93.1 93.2 69.4 79.2 483.3277 0:08:03 7095.04 116964.83 7069.15 7078.13 0.00 0.63 191.53 930.57
homfam ghf11 521 5 167.758 202 49.5 90.1 90.4 74.5 77.1 224.4390 0:03:44 6783.58 105445.92 6753.87 6762.80 0.00 0.29 119.55 272.65
homfam blmb 17200 6 192.465 344 20.6 63.4 68.3 36.0 46.2 730.9809 0:12:10 7164.04 116800.58 7133.75 7142.76 0.00 0.36 483.69 3541.23
homfam aadh 3127 8 225.129 542 38.2 81.7 85.3 48.3 53.6 532.6104 0:08:52 6993.26 116804.21 6963.27 6970.59 0.00 0.37 272.04 1456.53
homfam DEATH 1183 7 80.5689 159 19.6 79.3 80.6 40.3 54.8 194.7940 0:03:14 6315.81 104947.14 6285.94 6294.86 0.00 0.52 112.76 223.94
homfam Sulfotransfer 2489 5 235.798 381 26.2 74.6 75.3 45.6 54.2 484.5324 0:08:04 7380.37 117228.74 7355.85 7364.82 0.00 0.38 292.85 1427.25
homfam serpin 3144 8 291.462 418 34.3 94.5 94.2 79.9 86.3 661.9689 0:11:01 8185.59 117992.70 8157.56 8166.51 0.00 0.36 197.40 1311.36
homfam proteasome 5732 17 174.347 309 21.7 80.8 79.7 23.1 34.7 362.8503 0:06:02 6845.74 105401.31 6815.65 6824.63 0.00 0.34 170.67 623.66
homfam zf-CCHH 88345 15 23.2513 39 35.5 96.6 96.0 85.7 89.3 382.9761 0:06:22 6215.14 104907.80 6185.60 6194.52 0.00 0.36 159.39 614.71
homfam egf 7774 12 32.0765 71 31.1 77.0 77.1 32.4 34.2 186.4322 0:03:06 6128.10 104855.26 6098.72 6107.65 0.00 0.52 121.47 230.78
homfam annexin 3139 6 65.1902 323 57.2 95.7 95.9 94.3 94.8 269.4855 0:04:29 6338.97 104956.06 6308.30 6315.59 0.00 0.32 169.32 460.58
homfam OTCace 4795 5 157.005 350 37.3 94.8 95.3 83.1 86.6 398.6953 0:06:38 6805.67 105322.54 6774.46 6781.74 0.00 0.35 183.85 737.39
homfam rnasemam 498 6 120.072 141 42.2 90.7 87.8 63.4 73.4 191.7406 0:03:11 6451.77 105186.01 6421.93 6430.85 0.00 0.52 110.37 215.96
homfam adh 21331 5 123.64 375 63.9 97.3 97.6 94.1 94.4 578.6602 0:09:38 6726.39 116473.59 6699.12 6708.07 0.00 0.62 223.89 1301.61
homfam il8 1073 11 63.7623 81 34.5 87.3 87.1 57.1 68.4 175.9298 0:02:55 6255.92 104958.02 6226.85 6235.82 0.00 0.28 127.33 228.33
homfam hr 3707 5 65.1513 82 53.3 99.1 99.1 94.9 99.1 189.7066 0:03:09 6258.22 104956.92 6228.85 6237.81 0.00 0.28 115.05 222.57
homfam ChtBD 774 5 38.2713 45 59.3 97.6 98.3 90.7 93.2 158.8297 0:02:38 6094.70 104841.37 6063.97 6071.24 0.00 0.27 103.90 169.34
homfam gluts 10099 14 98.1117 235 39.4 75.8 89.5 33.0 33.8 450.5375 0:07:30 6452.89 116317.60 6429.23 6438.24 0.00 0.38 319.02 1445.97
homfam ghf5 2717 6 260.466 470 17.8 63.1 65.7 32.9 46.7 575.0860 0:09:35 7167.08 117004.55 7142.92 7151.89 0.00 0.36 245.32 1417.09
homfam ghf13 12607 10 264.452 626 26.8 61.9 64.7 25.6 35.8 1114.9001 0:18:34 7762.36 117451.07 7733.08 7742.10 0.00 0.36 499.63 5578.24
homfam PDZ 14950 6 80.8907 110 30.6 88.6 88.6 76.8 79.0 287.8884 0:04:47 6384.26 114254.04 6354.25 6363.27 0.00 6.46 244.67 708.69
homfam az 1086 29 100.416 215 33.4 72.5 74.0 34.2 32.4 204.8125 0:03:24 6443.18 105086.22 6413.50 6422.45 0.00 0.53 140.74 292.60
homfam hla 13465 5 153.148 178 76.5 99.7 100.0 99.4 99.4 423.7180 0:07:03 6889.28 105468.24 6859.25 6868.23 0.00 0.35 174.41 743.31
homfam slectin 932 5 133.052 142 33.3 93.7 94.8 85.4 88.8 223.0698 0:03:43 6604.49 105277.03 6575.25 6584.17 0.00 0.29 126.88 287.33
homfam GEL 2195 5 78.1157 150 23.7 70.1 69.7 39.0 54.0 194.9778 0:03:14 6294.43 104968.68 6264.30 6273.26 0.00 0.28 110.89 220.53
homfam kringle 1091 9 75.9138 100 43.3 85.2 88.5 65.2 69.6 184.0561 0:03:04 6308.01 105016.41 6277.20 6284.48 0.00 0.28 118.15 221.75
homfam p450 21013 12 331.506 512 20.8 74.3 74.7 32.9 39.8 2178.2862 0:36:18 8772.22 118402.43 8742.01 8749.25 0.00 0.34 234.43 5112.60
homfam gpdh 7691 8 129.082 360 55.1 95.5 95.5 84.4 89.2 400.6838 0:06:40 6672.44 105216.99 6642.28 6651.20 0.00 0.32 178.50 719.44
homfam int 7572 5 168.037 219 22.5 83.8 85.7 61.9 67.4 416.8115 0:06:56 6804.16 116603.52 6775.13 6784.14 0.00 0.36 265.30 1113.07
homfam KAS 2070 6 174.528 404 31.7 72.3 83.0 50.5 48.1 305.1969 0:05:05 6971.31 105512.71 6941.46 6950.40 0.00 0.33 159.08 489.82
homfam trfl 837 7 242.315 702 61.9 93.7 95.1 86.6 85.6 527.7747 0:08:47 7855.29 115435.42 7825.71 7834.66 0.00 1.33 211.46 1120.30
homfam TNF 556 5 119.903 176 32.0 80.1 80.1 56.1 61.1 197.6961 0:03:17 6512.38 114447.74 6482.35 6491.33 0.00 0.52 152.29 305.32
homfam scorptoxin 363 8 53.2562 74 46.3 88.4 87.6 65.8 77.2 161.0421 0:02:41 6117.82 104874.32 6088.09 6097.02 0.00 0.27 103.12 170.34
homfam aldosered 13277 7 268.547 386 41.6 83.8 89.4 64.9 72.7 1038.4992 0:17:18 7196.82 116940.63 7168.50 7177.45 0.00 0.35 257.53 2682.89
homfam rrm 27610 20 67.4587 157 22.9 84.1 82.3 16.2 21.4 314.7797 0:05:14 6377.78 104981.10 6348.26 6357.20 0.00 0.54 157.96 501.52
