homfam ricin 747 7 198.708 281 37.5 84.4 91.3 58.2 64.4 5.7397 0:00:05 122.11 4866.48 85.18 87.48 0.00 0.35 87.83 10.04
homfam ghf10 1502 5 220.34 364 43.3 81.2 94.2 57.0 60.6 18.8965 0:00:18 127.21 4870.35 90.07 92.41 0.00 0.73 97.81 23.39
homfam seatoxin 93 5 43.6344 54 42.6 79.9 86.0 49.0 47.5 0.2135 0:00:00 107.48 4594.86 78.23 79.95 0.00 0.02 0.00 4.46
homfam mofe 2567 6 353.074 609 30.0 68.9 77.8 47.5 48.3 70.1295 0:01:10 132.59 4875.34 95.13 97.56 0.00 1.89 68.92 53.29
homfam cyt3 385 6 92.3065 130 40.3 80.8 83.9 55.1 61.9 0.8549 0:00:00 119.93 4794.08 82.92 85.47 0.00 0.11 0.00 5.85
homfam ins 793 6 65.2825 74 44.9 89.9 95.2 71.0 82.0 1.0348 0:00:01 121.14 4794.39 84.21 86.80 0.00 0.16 0.00 4.97
homfam Ald_Xan_dh_2 2589 6 109.304 885 31.8 84.5 86.8 67.2 71.4 8.0308 0:00:08 131.04 4874.34 93.86 96.49 0.00 3.81 94.38 5.36
homfam tms 2118 5 264.245 357 45.9 92.2 93.9 79.3 85.4 32.9382 0:00:32 125.94 4869.02 88.59 90.67 0.00 1.20 56.37 23.55
homfam phc 2957 12 98.4711 179 37.2 94.4 96.6 81.6 86.9 6.3333 0:00:06 125.99 4869.24 88.84 90.92 0.00 1.50 91.41 5.23
homfam cytb 3206 6 82.1454 100 35.6 72.2 79.2 47.8 53.0 6.0741 0:00:06 128.55 4871.64 91.28 93.89 0.00 0.70 94.98 10.78
homfam mmp 1427 6 157.93 180 55.1 95.1 96.5 85.2 89.8 9.1205 0:00:09 124.71 4867.73 87.55 89.81 0.00 0.53 98.19 13.94
homfam phoslip 946 18 113.33 137 48.9 93.8 94.8 67.6 77.1 2.5506 0:00:02 121.58 4866.41 84.57 86.69 0.00 0.27 74.54 6.86
homfam HLH 6781 5 53.5453 92 28.1 70.9 83.5 41.7 56.5 5.3618 0:00:05 134.55 4877.57 97.36 99.44 0.00 7.84 83.21 5.06
homfam myb_DNA-binding 10398 5 46.5583 61 40.7 72.5 82.6 48.2 52.7 6.7474 0:00:06 146.05 4889.05 108.75 110.82 0.00 1.50 95.64 11.46
homfam msb 4884 8 106.037 158 26.6 73.9 83.7 37.9 48.3 18.2249 0:00:18 130.88 4873.99 93.80 96.37 0.00 1.27 101.49 23.54
homfam ghf1 4358 8 403.813 562 38.4 75.4 87.1 29.0 30.9 142.2668 0:02:22 139.52 4882.83 102.61 104.67 0.00 3.61 97.66 143.88
homfam rvp 93681 6 94.2886 132 36.6 73.3 79.6 47.7 53.8 233.0810 0:03:53 373.50 5116.56 336.53 339.51 0.00 21.65 98.44 234.16
homfam lyase_1 7632 5 295.082 511 30.9 77.3 80.2 56.7 60.4 141.8439 0:02:21 142.81 4885.73 105.58 109.26 0.00 4.71 98.02 143.95
homfam ldh 7367 14 121.378 371 31.9 81.6 85.6 44.1 51.0 23.8739 0:00:23 139.44 4882.43 102.05 104.20 0.00 2.10 74.77 22.82
homfam subt 7517 11 301.598 414 39.5 68.3 79.2 25.5 29.4 249.6484 0:04:09 253.12 4996.34 216.05 218.82 0.00 4.75 91.82 234.18
homfam sodfe 4455 8 77.4471 219 42.3 54.6 84.9 19.6 20.3 6.2364 0:00:06 130.27 4873.43 93.05 95.19 0.00 5.54 90.15 5.14
homfam LIM 6428 5 57.0143 86 52.8 89.4 94.4 72.0 78.5 6.3603 0:00:06 130.90 4873.96 93.79 96.39 0.00 1.06 90.21 10.72
homfam blm 9105 8 300.727 274 39.1 81.4 89.0 42.3 43.7 267.3926 0:04:27 151.40 4894.69 114.32 116.66 0.00 5.73 97.12 264.59
homfam DMRL_synthase 2099 5 140.59 182 33.2 59.0 72.8 10.1 11.0 9.1762 0:00:09 125.37 4868.16 87.83 91.68 0.00 0.69 98.00 12.42
homfam tRNA-synt_2b 11293 5 177.564 467 18.7 40.5 56.4 14.8 17.2 80.6013 0:01:20 153.53 4896.62 116.44 119.05 0.00 4.45 98.00 83.95
homfam Stap_Strp_toxin 640 6 87.3922 254 32.5 70.0 72.9 28.0 31.4 0.7514 0:00:00 121.11 4794.34 84.20 86.72 0.00 0.16 0.00 2.77
homfam Acetyltransf 46285 6 82.9897 229 24.1 23.1 39.2 6.9 8.8 179.6402 0:02:59 650.80 5393.93 613.78 615.85 0.00 9.86 94.41 174.46
homfam ghf22 760 12 107.567 131 51.4 94.3 95.6 81.5 83.6 1.7451 0:00:01 120.90 4866.29 84.04 86.17 0.00 0.21 36.13 5.64
homfam sdr 50157 13 163.253 361 23.3 49.7 66.7 12.9 16.8 615.2926 0:10:15 600.66 5344.13 563.94 566.15 0.00 18.30 96.10 597.80
homfam ltn 1068 12 204.148 282 49.9 89.0 92.8 61.3 69.5 8.6439 0:00:08 123.64 4867.00 86.72 88.82 0.00 0.49 97.31 13.40
homfam hpr 3349 5 83.0427 89 44.4 91.5 94.1 81.8 83.1 5.3157 0:00:05 122.79 4867.62 85.36 87.45 0.00 0.72 96.35 10.12
homfam bowman 499 5 26.1443 73 64.9 89.0 89.5 64.3 70.1 0.2352 0:00:00 107.59 4594.89 78.27 79.99 0.00 0.02 0.00 4.46
homfam hip 167 5 66.2096 88 33.4 78.9 79.6 48.8 57.3 0.2979 0:00:00 107.45 4594.86 78.20 80.14 0.00 0.02 0.00 4.50
homfam HMG_box 4779 5 66.0716 89 24.8 80.2 89.0 59.3 63.2 5.4218 0:00:05 128.34 4871.55 91.15 94.15 0.00 0.88 94.08 10.74
homfam icd 5678 5 328.887 433 41.7 88.3 91.5 71.9 74.4 123.4472 0:02:03 139.07 4882.20 101.84 103.96 0.00 3.88 88.09 114.51
homfam peroxidase 4514 5 256.626 383 37.3 76.9 82.0 39.3 41.4 63.9289 0:01:03 140.11 4882.99 102.68 104.83 0.00 2.47 76.00 53.55
homfam asp 3262 13 284.142 381 37.5 82.0 87.8 55.3 59.2 81.3765 0:01:21 132.62 4875.75 95.39 98.41 0.00 1.96 96.77 83.74
homfam flav 4612 6 138.021 183 35.0 71.4 80.4 41.1 41.0 22.1038 0:00:22 129.69 4872.47 92.29 94.97 0.00 1.48 83.65 23.45
homfam cah 1379 5 212.706 279 38.7 82.9 88.3 64.6 68.7 14.1106 0:00:14 123.99 4867.14 86.82 89.45 0.00 0.65 104.16 19.70
homfam ace 3989 6 427.824 601 37.3 71.8 84.2 50.3 53.6 219.1630 0:03:39 153.11 4896.04 115.63 117.76 0.00 3.48 91.10 204.66
homfam sti 613 5 165.383 198 36.4 79.5 84.9 56.0 61.3 3.1694 0:00:03 121.54 4866.27 84.43 86.81 0.00 0.25 81.51 7.63
homfam aat 25100 10 337.807 476 28.6 65.6 77.5 22.0 24.4 898.3774 0:14:58 444.48 5187.79 407.59 409.67 0.00 17.55 99.32 897.04
homfam oxidored_q6 3348 5 123.044 285 56.7 97.3 97.4 91.7 93.5 10.0373 0:00:10 125.44 4868.84 88.13 90.81 0.00 0.98 102.12 16.06
homfam hormone_rec 3509 5 188.562 308 21.5 59.1 67.8 32.4 41.3 32.5596 0:00:32 129.44 4872.37 92.22 94.56 0.00 1.47 56.84 23.48
homfam rhv 17976 6 143.424 938 33.1 15.2 44.1 0.6 0.0 95.0815 0:01:35 233.23 4976.57 196.28 198.62 0.00 5.90 82.85 83.70
homfam tgfb 1606 8 95.4645 118 43.8 79.9 84.8 40.2 48.1 3.2679 0:00:03 122.97 4866.75 85.75 88.06 0.00 0.40 77.82 7.53
homfam cryst 1160 7 80.8078 192 44.4 31.8 51.8 0.0 0.0 1.8951 0:00:01 122.99 4866.65 85.59 87.71 0.00 0.26 67.51 6.28
homfam cyclo 6288 6 159.069 203 44.1 81.5 87.7 64.0 66.0 42.7209 0:00:42 134.47 4877.61 97.34 99.47 0.00 2.26 43.24 23.45
homfam kunitz 2266 10 53.752 64 37.9 89.6 94.9 53.3 57.0 2.0030 0:00:02 123.98 4867.32 86.88 88.95 0.00 0.38 61.40 6.17
homfam Rhodanese 14049 6 102.277 216 22.7 37.5 54.3 9.9 13.2 53.3462 0:00:53 151.93 4895.14 114.93 117.20 0.00 3.52 91.04 53.50
homfam sodcu 2038 7 141.322 169 42.2 81.2 88.7 64.5 65.8 9.8003 0:00:09 126.34 4869.10 88.78 90.87 0.00 0.68 97.54 14.59
homfam profilin 687 5 123.371 144 39.7 82.1 88.5 57.8 59.8 2.6318 0:00:02 121.76 4866.29 84.44 86.58 0.00 0.22 73.02 6.93
homfam glob 3983 41 100.684 174 31.7 84.9 89.9 15.9 16.6 10.5368 0:00:10 128.71 4871.80 91.43 93.56 0.00 0.98 103.27 15.86
homfam tim 3904 10 205.645 260 47.5 93.8 96.1 80.3 84.5 37.4252 0:00:37 129.19 4872.29 91.89 93.99 0.00 1.75 49.73 23.57
homfam uce 4558 13 134.701 184 34.0 82.3 87.8 38.0 43.1 22.2793 0:00:22 131.46 4874.78 94.47 96.56 0.00 1.43 82.86 23.49
homfam toxin 508 20 62.311 78 43.1 82.6 90.3 35.1 45.2 0.6060 0:00:00 107.55 4594.89 78.23 79.96 0.00 0.02 0.00 4.47
homfam rub 1435 5 46.1575 54 62.1 96.7 97.1 85.2 88.0 0.8786 0:00:00 120.50 4794.47 83.23 85.36 0.00 0.22 0.00 5.00
homfam hom 12037 8 53.4951 98 35.3 79.5 84.6 31.9 37.8 8.8617 0:00:08 144.59 4887.84 107.47 109.62 0.00 1.89 100.08 13.82
homfam biotin_lipoyl 11833 7 71.8928 112 28.9 91.0 94.0 63.5 70.0 14.9625 0:00:14 140.75 4883.71 103.46 105.86 0.00 10.82 103.81 6.38
homfam cys 4316 13 198.11 284 40.5 81.0 87.7 43.7 48.7 46.4901 0:00:46 133.80 4877.16 96.93 99.79 0.00 1.89 39.88 22.61
homfam ghf11 521 5 167.758 202 49.5 91.5 93.1 79.7 81.7 3.4169 0:00:03 121.51 4866.25 84.48 86.54 0.00 0.22 74.72 7.54
homfam blmb 17200 6 192.465 344 20.6 52.9 69.2 27.6 29.5 219.8060 0:03:39 199.72 4942.54 162.41 164.95 0.00 7.26 90.63 204.13
homfam aadh 3127 8 225.129 542 38.2 78.7 83.8 44.0 48.9 31.1889 0:00:31 128.46 4871.55 91.38 93.82 0.00 1.54 59.61 21.32
homfam DEATH 1183 7 80.5689 159 19.6 61.8 69.8 21.8 29.6 2.1706 0:00:02 120.62 4866.59 83.58 86.23 0.00 0.27 58.17 6.23
homfam Sulfotransfer 2489 5 235.798 381 26.2 63.1 73.1 22.6 28.0 38.3921 0:00:38 123.02 4868.37 85.89 89.20 0.00 1.27 47.82 23.71
homfam serpin 3144 8 291.462 418 34.3 88.0 92.2 68.3 74.0 81.0629 0:01:21 136.82 4880.00 99.88 102.61 0.00 1.94 97.15 83.64
homfam proteasome 5732 17 174.347 309 21.7 70.6 79.6 16.2 18.5 40.2460 0:00:40 133.18 4876.15 95.83 98.07 0.00 2.23 45.57 23.29
homfam zf-CCHH 88345 15 23.2513 39 35.5 76.4 86.1 28.6 33.8 20.7553 0:00:20 273.17 5017.73 235.99 238.40 0.00 8.83 89.55 23.47
homfam egf 7774 12 32.0765 71 31.1 46.2 67.5 7.4 12.7 2.8686 0:00:02 133.90 4877.17 96.78 98.92 0.00 8.23 67.72 4.79
homfam annexin 3139 6 65.1902 323 57.2 52.9 73.4 23.6 23.8 4.1967 0:00:04 128.48 4871.61 91.28 93.58 0.00 2.49 79.35 5.05
homfam OTCace 4795 5 157.005 350 37.3 89.0 91.3 71.5 74.4 24.8193 0:00:24 131.81 4874.84 94.49 96.52 0.00 1.72 74.45 23.46
homfam rnasemam 498 6 120.072 141 42.2 90.1 90.6 64.2 71.9 1.4471 0:00:01 120.04 4866.16 83.14 85.18 0.00 0.16 42.06 5.61
homfam adh 21331 5 123.64 375 63.9 98.7 98.7 95.5 96.1 117.1912 0:01:57 169.88 4913.05 132.64 134.73 0.00 6.24 92.89 113.79
homfam il8 1073 11 63.7623 81 34.5 82.6 85.8 50.6 53.3 1.0688 0:00:01 119.89 4794.37 82.93 85.56 0.00 0.21 0.00 5.05
homfam hr 3707 5 65.1513 82 53.3 91.9 96.5 82.3 85.4 3.4951 0:00:03 126.90 4870.14 89.93 92.11 0.00 0.68 73.07 7.50
homfam ChtBD 774 5 38.2713 45 59.3 96.1 97.1 88.4 88.9 0.5055 0:00:00 107.56 4594.89 78.23 80.71 0.00 0.02 0.00 4.45
homfam gluts 10099 14 98.1117 235 39.4 84.1 90.1 30.0 31.8 32.8817 0:00:32 142.23 4885.24 104.86 107.03 0.00 2.46 55.52 23.18
homfam ghf5 2717 6 260.466 470 17.8 48.6 61.8 21.1 29.3 49.4696 0:00:49 132.45 4875.45 95.20 97.86 0.00 1.52 98.30 53.67
homfam ghf13 12607 10 264.452 626 26.8 42.0 60.7 14.1 16.8 249.4795 0:04:09 184.36 4927.58 147.35 149.76 0.00 7.07 92.09 234.67
homfam PDZ 14950 6 80.8907 110 30.6 76.5 88.3 52.5 56.8 36.2813 0:00:36 144.25 4889.65 107.12 109.51 0.00 3.15 51.13 23.53
homfam az 1086 29 100.416 215 33.4 71.5 76.2 28.8 29.0 2.6363 0:00:02 121.84 4866.53 84.81 86.91 0.00 0.29 73.31 6.91
homfam hla 13465 5 153.148 178 76.5 100.0 100.0 100.0 100.0 76.9508 0:01:16 151.32 4894.59 114.29 117.00 0.00 4.65 63.49 53.92
homfam slectin 932 5 133.052 142 33.3 88.0 94.5 75.9 79.4 3.4152 0:00:03 121.98 4866.56 85.25 87.32 0.00 0.31 74.42 7.53
homfam GEL 2195 5 78.1157 150 23.7 50.0 55.1 19.9 24.4 3.1880 0:00:03 123.86 4867.10 86.65 89.30 0.00 0.47 80.67 7.58
homfam kringle 1091 9 75.9138 100 43.3 81.5 87.1 55.1 61.1 1.5585 0:00:01 121.75 4866.41 84.73 86.85 0.00 0.24 41.13 5.65
homfam p450 21013 12 331.506 512 20.8 52.8 70.4 14.2 18.4 912.0506 0:15:12 879.80 5622.72 842.47 844.56 0.00 14.44 97.84 897.33
homfam gpdh 7691 8 129.082 360 55.1 92.7 94.2 79.9 83.3 30.5829 0:00:30 139.07 4882.14 101.80 104.23 0.00 2.31 61.01 23.55
homfam int 7572 5 168.037 219 22.5 59.0 68.5 29.7 32.5 78.2830 0:01:18 226.11 4969.45 189.21 191.48 0.00 2.86 100.60 83.65
homfam KAS 2070 6 174.528 404 31.7 61.0 81.2 33.5 29.1 16.9364 0:00:16 127.43 4870.89 90.49 92.85 0.00 0.82 105.02 22.77
homfam trfl 837 7 242.315 702 61.9 54.7 70.5 1.1 0.1 10.1555 0:00:10 138.48 4881.73 101.45 104.32 0.00 0.45 99.76 15.07
homfam TNF 556 5 119.903 176 32.0 77.6 81.5 55.4 58.5 1.7232 0:00:01 120.70 4866.21 83.91 86.24 0.00 0.18 37.59 5.66
homfam scorptoxin 363 8 53.2562 74 46.3 87.9 90.0 64.4 73.2 0.4428 0:00:00 107.60 4594.89 78.25 79.98 0.00 0.02 0.00 4.49
homfam aldosered 13277 7 268.547 386 41.6 85.4 90.4 55.1 60.3 277.8635 0:04:37 180.73 4923.84 143.68 145.74 0.00 7.53 93.44 264.54
homfam rrm 27610 20 67.4587 157 22.9 67.1 75.4 6.3 9.3 50.0843 0:00:50 193.05 4936.54 156.20 158.30 0.00 5.07 97.22 54.34
