homfam ricin 747 7 198.708 281 37.5 89.6 91.6 71.1 78.1 0.7226 0:00:00 156.41 4813.10 118.15 120.54 0.00 1.15 0.00 4.97
homfam ghf10 1502 5 220.34 364 43.3 92.3 94.6 80.2 86.1 1.4361 0:00:01 174.85 4901.88 136.83 139.58 8.00 3.82 38.21 5.39
homfam seatoxin 93 5 43.6344 54 42.6 81.2 80.0 49.0 50.0 0.2250 0:00:00 107.65 4594.89 78.27 80.00 0.00 0.02 0.00 4.46
homfam mofe 2567 6 353.074 609 30.0 87.2 94.9 74.5 79.4 1.7628 0:00:01 194.23 4919.80 155.95 158.36 8.00 12.19 56.84 5.99
homfam cyt3 385 6 92.3065 130 40.3 81.2 87.5 57.6 62.3 0.5507 0:00:00 107.59 4594.86 78.20 79.92 0.00 0.02 0.00 4.47
homfam ins 793 6 65.2825 74 44.9 94.2 98.7 71.0 90.3 1.1262 0:00:01 146.30 4799.51 107.84 110.00 8.00 0.03 0.00 4.80
homfam Ald_Xan_dh_2 2589 6 109.304 885 31.8 26.0 97.3 16.7 13.6 1.2145 0:00:01 156.36 4881.39 118.40 120.54 8.00 14.45 37.92 5.38
homfam tms 2118 5 264.245 357 45.9 94.8 95.9 83.2 88.6 1.2712 0:00:01 166.61 4893.65 128.26 130.64 8.00 5.34 25.28 5.27
homfam phc 2957 12 98.4711 179 37.2 92.6 95.6 81.0 84.5 0.7585 0:00:00 143.64 4800.04 105.47 107.63 8.00 1.95 0.00 4.86
homfam cytb 3206 6 82.1454 100 35.6 83.0 88.4 66.3 75.0 1.2487 0:00:01 154.05 4879.94 116.07 119.31 8.00 9.87 35.36 3.28
homfam mmp 1427 6 157.93 180 55.1 93.4 98.4 81.7 83.9 1.5444 0:00:01 201.66 4928.66 163.54 165.93 8.00 1.55 34.04 5.57
homfam phoslip 946 18 113.33 137 48.9 94.8 95.0 72.1 81.4 0.8262 0:00:00 144.55 4801.80 106.41 108.54 8.00 0.31 0.00 4.82
homfam HLH 6781 5 53.5453 92 28.1 74.3 98.7 52.4 70.4 1.4214 0:00:01 150.17 4874.28 112.22 114.39 8.00 16.56 36.70 5.40
homfam myb_DNA-binding 10398 5 46.5583 61 40.7 90.6 97.8 76.8 84.8 1.5377 0:00:01 150.11 4872.66 112.18 114.32 8.00 15.38 31.96 5.30
homfam msb 4884 8 106.037 158 26.6 87.3 92.5 55.9 70.9 1.7377 0:00:01 178.58 4900.45 140.61 143.10 0.00 12.54 30.55 5.62
homfam ghf1 4358 8 403.813 562 38.4 92.4 95.1 74.8 83.4 2.5547 0:00:02 208.96 4930.65 170.52 173.35 8.00 22.97 68.59 6.69
homfam rvp 93681 6 94.2886 132 36.6 83.6 86.9 57.7 65.0 6.0239 0:00:06 216.66 4937.86 178.39 181.50 8.00 95.29 88.07 10.33
homfam lyase_1 7632 5 295.082 511 30.9 65.2 90.0 55.5 54.0 2.0273 0:00:02 175.94 4900.10 137.33 139.63 0.00 22.27 54.58 6.19
homfam ldh 7367 14 121.378 371 31.9 46.7 92.5 33.8 37.9 1.9197 0:00:01 160.23 4883.03 121.73 123.92 8.00 28.43 56.95 5.99
homfam subt 7517 11 301.598 414 39.5 69.8 89.6 32.7 43.7 12.6944 0:00:12 423.42 5145.40 385.22 387.36 8.00 301.11 98.48 17.48
homfam sodfe 4455 8 77.4471 219 42.3 41.0 90.6 24.9 26.2 1.0971 0:00:01 144.80 4800.23 106.98 109.15 8.00 0.55 0.00 5.35
homfam LIM 6428 5 57.0143 86 52.8 94.7 99.2 70.7 92.9 0.8653 0:00:00 144.70 4800.34 106.69 108.97 8.00 4.81 0.00 4.91
homfam blm 9105 8 300.727 274 39.1 91.7 97.4 80.9 84.1 8.7870 0:00:08 336.39 5056.51 297.62 300.23 8.00 186.46 94.80 14.10
homfam DMRL_synthase 2099 5 140.59 182 33.2 91.4 91.3 72.2 83.0 0.6570 0:00:00 145.13 4802.44 107.22 109.36 0.00 1.88 0.00 4.90
homfam tRNA-synt_2b 11293 5 177.564 467 18.7 45.2 72.9 23.5 32.1 3.8865 0:00:03 200.35 4921.58 162.07 164.24 8.00 83.47 78.86 8.18
homfam Stap_Strp_toxin 640 6 87.3922 254 32.5 72.0 75.0 40.7 46.5 0.5275 0:00:00 107.57 4594.89 78.24 80.53 0.00 0.02 0.00 4.45
homfam Acetyltransf 46285 6 82.9897 229 24.1 40.5 86.5 22.8 31.1 43.3500 0:00:43 590.55 5311.52 551.94 554.40 0.00 517.22 43.50 23.92
homfam ghf22 760 12 107.567 131 51.4 95.2 96.1 83.8 87.3 0.5646 0:00:00 107.62 4594.89 78.29 80.03 0.00 0.02 0.00 4.49
homfam sdr 50157 13 163.253 361 23.3 61.7 89.2 30.9 41.1 45.1666 0:00:45 539.52 5260.41 500.91 503.29 0.00 502.92 41.27 21.37
homfam ltn 1068 12 204.148 282 49.9 93.2 95.4 71.1 79.5 1.0900 0:00:01 166.97 4820.65 128.92 131.08 8.00 0.04 0.00 4.98
homfam hpr 3349 5 83.0427 89 44.4 98.3 100.0 95.5 97.1 0.7097 0:00:00 141.23 4797.66 102.86 104.99 8.00 1.65 0.00 4.81
homfam bowman 499 5 26.1443 73 64.9 47.4 62.0 14.3 7.8 0.3653 0:00:00 107.62 4594.89 78.25 79.98 0.00 0.02 0.00 4.46
homfam hip 167 5 66.2096 88 33.4 81.4 84.4 51.2 56.8 0.3639 0:00:00 107.53 4594.89 78.27 80.01 0.00 0.02 0.00 4.47
homfam HMG_box 4779 5 66.0716 89 24.8 91.8 96.7 76.5 86.7 0.7666 0:00:00 142.84 4798.84 104.74 107.14 8.00 3.20 0.00 3.10
homfam icd 5678 5 328.887 433 41.7 93.3 96.3 83.2 86.4 1.9171 0:00:01 179.92 4903.02 141.36 143.48 8.00 18.27 56.36 5.95
homfam peroxidase 4514 5 256.626 383 37.3 85.7 94.5 61.9 64.5 2.1455 0:00:02 185.32 4906.36 146.76 149.39 8.00 23.34 54.67 6.24
homfam asp 3262 13 284.142 381 37.5 89.1 94.6 68.7 73.4 2.8305 0:00:02 236.16 4957.20 197.76 200.35 8.00 20.36 61.39 6.74
homfam flav 4612 6 138.021 183 35.0 80.9 87.9 58.9 62.3 1.2392 0:00:01 158.00 4882.55 119.83 122.36 8.00 12.87 40.25 5.50
homfam cah 1379 5 212.706 279 38.7 89.6 91.2 73.4 78.0 1.2364 0:00:01 174.26 4902.09 136.25 138.69 12.00 3.64 37.71 5.46
homfam ace 3989 6 427.824 601 37.3 86.4 90.9 67.3 73.0 5.2100 0:00:05 339.95 5061.44 301.59 304.02 8.00 52.52 85.13 9.42
homfam sti 613 5 165.383 198 36.4 85.4 86.6 61.4 69.2 0.5775 0:00:00 107.45 4594.87 78.21 79.94 0.00 0.02 0.00 5.03
homfam aat 25100 10 337.807 476 28.6 81.9 91.0 59.2 66.0 21.2045 0:00:21 420.53 5142.14 381.94 384.10 0.00 470.82 86.60 23.31
homfam oxidored_q6 3348 5 123.044 285 56.7 99.1 99.0 96.2 97.3 1.1249 0:00:01 147.29 4802.57 109.22 111.35 8.00 1.64 0.00 5.63
homfam hormone_rec 3509 5 188.562 308 21.5 74.7 83.1 50.9 65.3 1.7865 0:00:01 189.18 4911.21 150.50 153.69 0.00 19.99 62.28 6.91
homfam rhv 17976 6 143.424 938 33.1 10.2 52.0 0.1 0.0 7.2778 0:00:07 230.88 4951.75 192.34 194.78 8.00 175.95 93.24 11.76
homfam tgfb 1606 8 95.4645 118 43.8 92.2 93.8 63.2 74.5 0.6889 0:00:00 142.89 4800.05 104.85 107.01 8.00 1.31 0.00 4.88
homfam cryst 1160 7 80.8078 192 44.4 20.6 40.7 0.0 0.0 0.7741 0:00:00 143.98 4799.94 105.72 108.17 8.00 1.50 0.00 4.92
homfam cyclo 6288 6 159.069 203 44.1 85.7 93.8 70.9 75.1 2.7177 0:00:02 184.99 4905.78 146.43 148.81 8.00 40.92 60.76 6.57
homfam kunitz 2266 10 53.752 64 37.9 93.2 96.7 73.3 75.0 0.8404 0:00:00 139.90 4796.50 101.72 103.89 0.00 0.86 0.00 4.72
homfam Rhodanese 14049 6 102.277 216 22.7 61.9 85.4 46.4 46.9 5.9471 0:00:05 230.23 4951.34 191.54 193.84 8.00 154.53 96.02 10.72
homfam sodcu 2038 7 141.322 169 42.2 92.4 94.3 77.7 81.6 0.8652 0:00:00 155.17 4810.70 116.87 119.02 0.00 1.80 0.00 4.96
homfam profilin 687 5 123.371 144 39.7 93.1 94.3 82.0 84.2 0.5480 0:00:00 107.54 4594.86 78.22 79.94 0.00 0.02 0.00 4.45
homfam glob 3983 41 100.684 174 31.7 76.5 94.8 42.4 51.4 0.8011 0:00:00 145.59 4800.73 107.57 109.72 8.00 3.09 0.00 4.88
homfam tim 3904 10 205.645 260 47.5 95.6 98.1 88.4 92.4 1.1158 0:00:01 157.88 4812.64 119.69 122.45 8.00 0.71 0.00 4.89
homfam uce 4558 13 134.701 184 34.0 88.8 93.4 56.0 65.9 1.4855 0:00:01 164.86 4888.52 126.75 128.90 8.00 13.46 35.76 5.47
homfam toxin 508 20 62.311 78 43.1 93.1 92.6 57.1 71.5 0.4126 0:00:00 107.46 4594.87 78.22 80.20 0.00 0.02 0.00 4.51
homfam rub 1435 5 46.1575 54 62.1 92.7 98.7 83.3 86.9 0.5946 0:00:00 107.61 4594.89 78.25 79.98 0.00 0.02 0.00 4.44
homfam hom 12037 8 53.4951 98 35.3 94.2 97.9 72.5 88.3 0.9987 0:00:00 145.31 4799.52 106.99 109.24 8.00 3.89 0.00 4.97
homfam biotin_lipoyl 11833 7 71.8928 112 28.9 90.0 96.5 72.9 79.9 1.1400 0:00:01 147.31 4801.21 108.88 111.03 0.00 0.02 42.26 4.55
homfam cys 4316 13 198.11 284 40.5 92.4 95.6 70.5 80.2 2.2018 0:00:02 204.24 4925.63 165.60 167.76 0.00 21.14 53.14 6.24
homfam ghf11 521 5 167.758 202 49.5 93.3 94.2 82.3 84.3 0.5571 0:00:00 107.63 4594.89 78.26 80.00 0.00 0.02 0.00 5.07
homfam blmb 17200 6 192.465 344 20.6 68.4 86.0 44.4 50.9 15.5857 0:00:15 390.23 5111.16 351.43 353.56 8.00 445.08 106.87 21.77
homfam aadh 3127 8 225.129 542 38.2 61.0 91.1 32.9 36.2 1.3541 0:00:01 165.59 4890.64 127.75 129.93 8.00 9.51 37.61 6.21
homfam DEATH 1183 7 80.5689 159 19.6 75.7 87.2 49.2 63.4 0.5986 0:00:00 139.39 4795.62 100.74 103.17 8.00 1.69 0.00 5.65
homfam Sulfotransfer 2489 5 235.798 381 26.2 69.9 86.7 41.2 50.3 3.1475 0:00:03 291.81 5014.39 253.24 255.56 8.00 18.50 77.21 7.48
homfam serpin 3144 8 291.462 418 34.3 94.7 96.3 80.9 88.3 2.2786 0:00:02 212.57 4935.86 173.97 176.12 8.00 9.49 50.55 6.07
homfam proteasome 5732 17 174.347 309 21.7 83.5 90.7 41.0 61.0 1.6236 0:00:01 166.18 4889.50 128.20 130.34 0.00 14.43 32.07 5.52
homfam zf-CCHH 88345 15 23.2513 39 35.5 79.5 92.6 48.6 63.7 12.7320 0:00:12 270.62 4991.54 232.29 234.58 8.00 368.88 100.49 17.87
homfam egf 7774 12 32.0765 71 31.1 68.0 85.0 22.1 33.2 1.1718 0:00:01 146.25 4799.50 108.03 110.20 8.00 5.26 0.00 4.98
homfam annexin 3139 6 65.1902 323 57.2 33.5 82.6 0.0 0.0 0.9221 0:00:00 144.18 4799.66 106.09 108.50 0.00 3.46 0.00 4.84
homfam OTCace 4795 5 157.005 350 37.3 47.6 97.1 46.9 45.6 1.2533 0:00:01 156.08 4880.01 117.76 119.92 8.00 12.08 37.55 5.44
homfam rnasemam 498 6 120.072 141 42.2 95.4 92.6 76.1 85.0 0.7982 0:00:00 135.01 4791.82 96.70 99.13 8.00 0.12 0.00 4.66
homfam adh 21331 5 123.64 375 63.9 97.6 98.8 94.1 94.6 8.4687 0:00:08 250.49 4972.24 212.24 214.41 8.00 213.08 97.09 13.20
homfam il8 1073 11 63.7623 81 34.5 89.0 90.3 63.6 73.3 0.8095 0:00:00 138.28 4795.22 100.16 102.31 8.00 0.20 0.00 4.83
homfam hr 3707 5 65.1513 82 53.3 98.6 100.0 93.7 98.3 0.5986 0:00:00 107.63 4594.89 78.27 80.00 0.00 0.02 0.00 4.47
homfam ChtBD 774 5 38.2713 45 59.3 95.4 98.0 88.4 90.8 0.9265 0:00:00 134.98 4791.89 96.79 99.36 8.00 0.61 0.00 4.80
homfam gluts 10099 14 98.1117 235 39.4 77.2 94.5 39.5 40.3 3.3935 0:00:03 199.27 4921.06 161.41 163.56 8.00 60.68 71.08 7.39
homfam ghf5 2717 6 260.466 470 17.8 60.1 79.9 29.3 39.2 2.5417 0:00:02 234.55 4956.35 195.98 198.37 8.00 22.56 71.46 6.90
homfam ghf13 12607 10 264.452 626 26.8 59.5 86.0 29.7 39.7 11.0611 0:00:11 333.24 5054.22 294.84 296.95 8.00 266.18 98.40 15.81
homfam PDZ 14950 6 80.8907 110 30.6 77.3 91.6 54.5 55.8 4.2490 0:00:04 204.24 4924.66 165.94 168.10 8.00 102.26 88.76 8.77
homfam az 1086 29 100.416 215 33.4 72.3 75.5 34.8 32.0 0.7311 0:00:00 147.77 4804.68 109.76 111.89 8.00 1.22 0.00 4.95
homfam hla 13465 5 153.148 178 76.5 100.0 100.0 100.0 100.0 1.9681 0:00:01 163.10 4886.74 124.43 126.87 8.00 20.20 53.98 6.01
homfam slectin 932 5 133.052 142 33.3 93.0 95.9 86.1 89.2 0.9128 0:00:00 148.49 4805.05 110.18 112.62 8.00 0.29 0.00 4.84
homfam GEL 2195 5 78.1157 150 23.7 59.4 79.3 35.6 48.2 0.9142 0:00:00 143.96 4801.39 105.92 108.08 8.00 0.25 0.00 4.86
homfam kringle 1091 9 75.9138 100 43.3 94.8 94.5 75.3 85.7 1.2824 0:00:01 142.57 4870.81 104.41 106.57 8.00 1.25 25.76 5.07
homfam p450 21013 12 331.506 512 20.8 69.0 81.8 29.3 35.9 39.8131 0:00:39 695.35 5415.71 656.73 659.17 8.00 428.46 46.71 26.55
homfam gpdh 7691 8 129.082 360 55.1 46.4 95.8 40.2 39.7 1.7133 0:00:01 161.21 4885.87 123.18 125.71 0.00 19.05 33.14 5.63
homfam int 7572 5 168.037 219 22.5 87.8 93.1 70.3 77.0 4.8717 0:00:04 247.79 4968.04 209.51 211.79 8.00 99.81 87.18 9.23
homfam KAS 2070 6 174.528 404 31.7 75.3 91.0 50.2 48.9 0.9980 0:00:00 152.37 4809.27 114.10 116.24 8.00 0.37 0.00 4.87
homfam trfl 837 7 242.315 702 61.9 56.4 73.0 2.3 0.8 1.0414 0:00:01 163.68 4817.15 125.87 128.00 8.00 0.04 0.00 5.03
homfam TNF 556 5 119.903 176 32.0 83.1 90.5 65.6 70.9 0.6185 0:00:00 142.02 4799.02 103.87 106.02 8.00 0.78 0.00 4.78
homfam scorptoxin 363 8 53.2562 74 46.3 91.8 93.4 76.7 80.5 0.3272 0:00:00 107.51 4594.89 78.22 80.90 0.00 0.02 0.00 2.35
homfam aldosered 13277 7 268.547 386 41.6 91.0 96.4 73.5 77.7 9.3614 0:00:09 265.22 4985.78 226.62 228.79 8.00 230.26 98.56 14.20
homfam rrm 27610 20 67.4587 157 22.9 76.4 87.7 17.1 25.3 6.4607 0:00:06 214.54 4935.54 176.15 178.56 8.00 175.77 95.36 11.04
