homfam ricin 747 7 198.708 281 37.5 79.1 90.9 66.7 72.8 17.1035 0:00:17 189.47 6133.21 153.82 156.21 0.00 0.02 735.96 130.89
homfam ghf10 1502 5 220.34 364 43.3 93.7 93.8 80.8 86.8 154.4049 0:02:34 538.19 6184.22 502.43 504.55 0.00 0.02 703.56 1091.12
homfam seatoxin 93 5 43.6344 54 42.6 82.9 81.2 55.1 53.7 0.1088 0:00:00 107.53 4594.87 78.21 80.17 0.00 0.02 0.00 4.47
homfam mofe 2567 6 353.074 609 30.0 88.9 89.5 73.4 81.3 251.2292 0:04:11 401.23 6184.89 366.08 368.06 0.00 0.02 530.22 1337.15
homfam cyt3 385 6 92.3065 130 40.3 83.7 83.2 55.1 62.2 6.6944 0:00:06 142.64 6129.05 110.15 112.35 0.00 0.02 875.02 63.44
homfam ins 793 6 65.2825 74 44.9 92.2 92.4 71.0 86.5 6.3573 0:00:06 152.55 6129.39 118.12 120.17 0.00 0.02 879.35 60.94
homfam Ald_Xan_dh_2 2589 6 109.304 885 31.8 18.4 36.1 13.8 13.6 103.1850 0:01:43 239.69 6154.12 205.98 208.14 0.00 0.02 201.63 212.98
homfam tms 2118 5 264.245 357 45.9 97.0 96.9 88.1 93.3 81.1521 0:01:21 369.14 6162.23 334.00 336.35 0.00 0.02 618.27 506.97
homfam phc 2957 12 98.4711 179 37.2 96.8 97.1 87.7 89.7 9.3264 0:00:09 162.76 6129.45 126.90 129.03 0.00 0.02 519.13 53.25
homfam cytb 3206 6 82.1454 100 35.6 74.9 80.5 44.6 51.2 20.6720 0:00:20 183.80 6146.21 150.55 152.67 0.00 0.02 464.26 100.80
homfam mmp 1427 6 157.93 180 55.1 96.7 97.0 88.2 93.1 47.5664 0:00:47 249.80 6149.24 214.08 216.19 0.00 0.02 861.41 414.65
homfam phoslip 946 18 113.33 137 48.9 95.5 95.5 72.8 82.7 6.9494 0:00:06 153.55 6128.24 118.23 121.41 0.00 0.02 650.75 48.50
homfam HLH 6781 5 53.5453 92 28.1 79.6 87.4 54.8 68.5 12.4409 0:00:12 159.64 6144.38 126.75 129.69 0.00 0.02 719.96 92.79
homfam myb_DNA-binding 10398 5 46.5583 61 40.7 89.8 91.2 71.4 80.2 13.3897 0:00:13 196.97 6145.52 164.47 167.01 0.00 0.02 617.57 87.45
homfam msb 4884 8 106.037 158 26.6 91.1 90.4 57.2 72.8 120.9718 0:02:00 463.42 6197.31 428.59 432.80 0.00 0.02 840.64 1022.34
homfam ghf1 4358 8 403.813 562 38.4 94.6 95.3 78.5 87.2 617.1959 0:10:17 468.70 6237.69 434.13 439.34 0.00 0.02 717.00 4430.11
homfam rvp 93681 6 94.2886 132 36.6 73.4 76.4 45.0 50.7 91.7768 0:01:31 170.83 4809.38 135.29 137.38 0.00 0.02 85.69 83.70
homfam lyase_1 7632 5 295.082 511 30.9 61.5 61.1 48.5 53.2 230.5015 0:03:50 340.11 6178.80 304.80 307.15 0.00 0.02 480.69 1112.96
homfam ldh 7367 14 121.378 371 31.9 48.6 56.0 30.8 34.7 40.7464 0:00:40 122.56 4760.45 87.27 89.36 0.00 0.02 45.38 23.56
homfam subt 7517 11 301.598 414 39.5 78.8 83.6 39.8 47.0 1767.4646 0:29:27 973.82 6419.81 937.77 940.13 0.00 0.02 927.55 16399.22
homfam sodfe 4455 8 77.4471 219 42.3 40.3 46.6 23.4 24.8 13.7436 0:00:13 209.55 6138.53 174.32 176.58 0.00 0.02 493.38 72.37
homfam LIM 6428 5 57.0143 86 52.8 94.5 97.8 75.6 91.9 11.5668 0:00:11 211.67 6140.20 178.74 180.86 0.00 0.02 759.46 92.76
homfam blm 9105 8 300.727 274 39.1 95.3 97.0 88.4 90.3 1123.6544 0:18:43 606.59 6365.78 570.92 574.99 0.00 0.02 956.19 10748.96
homfam DMRL_synthase 2099 5 140.59 182 33.2 91.0 89.1 71.0 81.1 20.5736 0:00:20 256.95 6132.23 221.57 223.64 0.00 0.02 654.38 140.25
homfam tRNA-synt_2b 11293 5 177.564 467 18.7 53.1 74.2 29.4 40.3 164.3475 0:02:44 290.79 6181.95 255.24 257.63 0.00 0.02 377.23 625.17
homfam Stap_Strp_toxin 640 6 87.3922 254 32.5 82.8 82.7 51.0 55.9 1.1876 0:00:01 139.51 6124.04 106.16 108.25 0.00 0.02 445.31 10.41
homfam Acetyltransf 46285 6 82.9897 229 24.1 57.5 80.2 30.7 37.0 381.4290 0:06:21 1220.14 7190.78 1184.44 1186.53 0.00 0.02 836.41 3194.97
homfam ghf22 760 12 107.567 131 51.4 93.5 94.1 80.0 83.7 4.3055 0:00:04 154.70 6126.04 119.14 121.66 0.00 0.02 514.23 27.25
homfam sdr 50157 13 163.253 361 23.3 64.2 74.9 34.7 45.0 2575.2809 0:42:55 2288.54 7800.45 2252.77 2260.66 0.00 21.71 1155.05 29750.93
homfam ltn 1068 12 204.148 282 49.9 92.3 94.6 73.1 81.9 69.2222 0:01:09 254.16 6141.37 219.27 221.37 0.00 0.02 469.77 330.26
homfam hpr 3349 5 83.0427 89 44.4 92.8 95.4 86.4 88.6 9.1144 0:00:09 170.95 6131.69 137.59 139.72 0.00 0.02 611.89 60.71
homfam bowman 499 5 26.1443 73 64.9 96.8 96.8 90.0 93.9 0.1771 0:00:00 107.61 4594.89 78.28 80.02 0.00 0.02 0.00 4.48
homfam hip 167 5 66.2096 88 33.4 81.4 84.7 54.8 63.4 0.3899 0:00:00 105.47 4594.90 76.31 78.04 0.00 0.02 0.00 4.50
homfam HMG_box 4779 5 66.0716 89 24.8 85.1 88.1 61.7 70.8 14.1912 0:00:14 197.24 6139.30 164.10 166.46 0.00 0.02 779.13 115.73
homfam icd 5678 5 328.887 433 41.7 91.5 93.3 80.7 84.3 357.5691 0:05:57 537.54 6228.67 502.49 504.56 0.00 0.02 754.20 2701.32
homfam peroxidase 4514 5 256.626 383 37.3 86.1 89.3 61.9 65.1 408.4030 0:06:48 1472.70 7253.01 1436.97 1439.70 0.00 0.02 1108.51 4531.85
homfam asp 3262 13 284.142 381 37.5 91.0 92.7 70.9 75.8 581.0301 0:09:41 760.91 6243.20 725.21 727.94 0.00 0.02 946.11 5502.14
homfam flav 4612 6 138.021 183 35.0 85.8 89.2 64.6 66.9 45.2646 0:00:45 120.47 4758.43 84.67 87.07 0.00 0.02 40.24 23.28
homfam cah 1379 5 212.706 279 38.7 91.6 91.9 75.6 81.6 114.2784 0:01:54 548.44 6167.62 513.07 515.77 0.00 0.02 973.09 1115.10
homfam ace 3989 6 427.824 601 37.3 88.9 90.7 74.4 80.0 2011.6537 0:33:31 1808.68 7407.26 1773.01 1776.06 0.00 0.02 1062.58 21379.96
homfam sti 613 5 165.383 198 36.4 86.5 87.4 66.8 74.3 11.4341 0:00:11 165.55 6130.86 132.95 135.51 0.00 0.02 729.37 86.73
homfam aat 25100 10 337.807 476 28.6 85.4 87.4 57.2 64.5 2130.0528 0:35:30 1217.49 6587.02 1182.08 1189.95 0.00 0.02 821.41 17501.62
homfam oxidored_q6 3348 5 123.044 285 56.7 71.6 84.2 56.0 57.6 17.7453 0:00:17 191.26 6136.31 155.45 157.53 0.00 0.02 506.33 94.88
homfam hormone_rec 3509 5 188.562 308 21.5 76.2 79.8 50.2 63.2 106.8636 0:01:46 229.39 6171.41 195.46 198.06 0.00 0.02 462.84 499.35
homfam rhv 17976 6 143.424 938 33.1 14.6 33.4 1.9 0.2 258.2189 0:04:18 808.35 6335.00 773.01 775.79 0.00 9.72 688.02 1781.61
homfam tgfb 1606 8 95.4645 118 43.8 89.6 89.4 49.6 60.0 5.6368 0:00:05 165.22 6129.27 129.62 131.70 0.00 0.02 632.54 41.00
homfam cryst 1160 7 80.8078 192 44.4 49.3 76.6 6.6 7.1 5.0222 0:00:05 140.46 6128.02 107.09 109.53 0.00 0.02 521.60 31.66
homfam cyclo 6288 6 159.069 203 44.1 91.1 92.8 79.4 82.4 171.7904 0:02:51 700.18 6221.97 666.75 668.93 0.00 0.02 897.86 1547.31
homfam kunitz 2266 10 53.752 64 37.9 92.8 93.8 71.7 76.6 5.1991 0:00:05 141.80 6129.57 109.42 111.91 0.00 0.02 712.80 42.52
homfam Rhodanese 14049 6 102.277 216 22.7 68.7 77.3 47.9 48.3 157.3058 0:02:37 297.57 6238.19 262.62 264.69 0.00 0.02 683.88 1080.72
homfam sodcu 2038 7 141.322 169 42.2 91.5 92.7 78.9 83.0 31.2579 0:00:31 136.67 5741.54 101.31 103.67 0.00 0.02 130.50 45.75
homfam profilin 687 5 123.371 144 39.7 93.8 94.0 82.8 85.3 5.6929 0:00:05 141.18 6127.17 107.62 110.37 0.00 0.02 744.82 47.15
homfam glob 3983 41 100.684 174 31.7 94.2 95.4 52.9 61.6 15.6828 0:00:15 153.74 6133.89 117.95 120.06 0.00 0.02 611.33 100.97
homfam tim 3904 10 205.645 260 47.5 96.5 97.4 87.6 92.1 136.6920 0:02:16 603.71 6161.80 568.53 570.58 0.00 0.02 585.84 805.59
homfam uce 4558 13 134.701 184 34.0 84.1 85.8 39.8 47.3 73.7738 0:01:13 387.79 6143.24 352.38 354.46 0.00 0.02 417.85 313.42
homfam toxin 508 20 62.311 78 43.1 92.3 90.9 48.1 59.0 1.3670 0:00:01 132.63 6123.73 98.48 100.59 0.00 0.02 444.90 11.14
homfam rub 1435 5 46.1575 54 62.1 94.7 94.7 83.3 86.9 0.9603 0:00:00 115.57 4682.28 80.29 82.43 0.00 0.02 0.00 5.59
homfam hom 12037 8 53.4951 98 35.3 91.8 92.2 69.6 84.2 16.9602 0:00:16 353.04 6149.12 317.36 319.47 0.00 0.02 770.43 135.68
homfam biotin_lipoyl 11833 7 71.8928 112 28.9 86.3 90.9 63.5 70.7 20.4883 0:00:20 223.59 6137.73 187.79 190.45 0.00 0.02 320.48 70.73
homfam cys 4316 13 198.11 284 40.5 95.0 95.2 76.5 85.2 259.8378 0:04:19 389.31 6208.04 353.67 356.02 0.00 0.02 1023.80 2665.40
homfam ghf11 521 5 167.758 202 49.5 90.8 91.5 75.5 77.6 8.7931 0:00:08 166.98 6129.97 134.11 136.66 0.00 0.02 569.90 54.99
homfam blmb 17200 6 192.465 344 20.6 70.0 73.3 40.7 48.3 624.0550 0:10:24 459.71 6346.28 424.16 426.29 0.00 0.02 899.41 5617.62
homfam aadh 3127 8 225.129 542 38.2 86.4 87.3 56.0 62.0 92.0650 0:01:32 249.72 6151.18 213.89 216.24 0.00 0.02 358.62 335.10
homfam DEATH 1183 7 80.5689 159 19.6 74.4 79.2 44.4 60.3 7.9171 0:00:07 143.03 6130.78 109.16 111.33 0.00 0.02 946.30 79.62
homfam Sulfotransfer 2489 5 235.798 381 26.2 77.2 80.2 46.3 55.5 264.5608 0:04:24 316.35 6190.71 281.14 283.22 0.00 0.02 957.14 2537.03
homfam serpin 3144 8 291.462 418 34.3 95.8 95.7 82.4 89.7 738.6681 0:12:18 1739.16 7441.54 1703.71 1706.65 0.00 0.02 1082.26 7997.17
homfam proteasome 5732 17 174.347 309 21.7 81.0 83.9 43.1 58.3 146.1364 0:02:26 612.00 6185.88 576.23 578.29 0.00 0.02 778.58 1142.49
homfam zf-CCHH 88345 15 23.2513 39 35.5 80.5 86.2 54.3 67.5 16.2821 0:00:16 247.47 6236.73 211.96 214.08 0.00 0.02 441.84 76.73
homfam egf 7774 12 32.0765 71 31.1 71.3 79.3 29.4 43.7 8.1298 0:00:08 255.70 6143.76 222.29 224.41 0.00 0.02 629.29 56.25
homfam annexin 3139 6 65.1902 323 57.2 47.4 84.9 12.3 12.3 17.0020 0:00:17 220.67 6141.55 184.85 186.94 0.00 0.02 581.22 103.50
homfam OTCace 4795 5 157.005 350 37.3 75.2 94.5 44.8 41.8 52.6433 0:00:52 287.03 6151.14 251.20 253.30 0.00 0.02 397.64 214.30
homfam rnasemam 498 6 120.072 141 42.2 93.6 91.1 73.1 83.1 2.4796 0:00:02 129.59 6124.08 96.52 98.60 0.00 0.02 298.95 12.27
homfam adh 21331 5 123.64 375 63.9 99.1 99.3 97.3 97.8 406.4473 0:06:46 646.61 6291.90 613.25 615.37 0.00 0.02 808.98 3293.19
homfam il8 1073 11 63.7623 81 34.5 79.4 81.9 35.1 42.0 2.9972 0:00:02 132.52 6127.17 96.90 98.94 0.00 0.02 678.40 25.35
homfam hr 3707 5 65.1513 82 53.3 97.3 98.3 87.3 96.9 9.6314 0:00:09 244.64 6137.97 211.23 213.31 0.00 0.02 761.53 77.92
homfam ChtBD 774 5 38.2713 45 59.3 95.7 97.3 90.7 91.3 0.7634 0:00:00 117.80 6051.23 85.81 87.63 0.00 0.02 0.00 6.55
homfam gluts 10099 14 98.1117 235 39.4 94.0 94.3 78.5 85.0 108.5640 0:01:48 246.98 6203.67 211.16 213.35 0.00 0.02 821.98 897.28
homfam ghf5 2717 6 260.466 470 17.8 70.6 75.3 40.9 55.2 269.7632 0:04:29 341.87 6200.12 306.78 309.19 0.00 0.02 819.72 2216.31
homfam ghf13 12607 10 264.452 626 26.8 61.9 79.1 32.9 43.6 867.8960 0:14:27 1082.57 6345.29 1047.47 1061.58 0.00 0.02 838.95 7283.28
homfam PDZ 14950 6 80.8907 110 30.6 81.3 85.8 56.6 64.5 259.5947 0:04:19 875.86 6257.77 840.00 842.73 0.00 0.02 1031.99 2684.04
homfam az 1086 29 100.416 215 33.4 70.3 71.4 30.4 31.1 9.7759 0:00:09 148.98 6132.21 115.59 117.66 0.00 0.02 730.11 76.59
homfam hla 13465 5 153.148 178 76.5 97.6 99.1 96.1 96.1 80.2170 0:01:20 213.46 6146.42 177.82 180.20 0.00 0.02 267.50 219.59
homfam slectin 932 5 133.052 142 33.3 91.6 92.7 82.5 86.1 14.2312 0:00:14 167.20 6133.37 132.49 135.00 0.00 0.02 832.94 123.49
homfam GEL 2195 5 78.1157 150 23.7 66.2 74.4 41.1 54.3 8.6572 0:00:08 147.68 6133.76 115.28 117.34 0.00 0.02 733.94 68.69
homfam kringle 1091 9 75.9138 100 43.3 96.3 94.9 78.7 88.6 8.2198 0:00:08 249.36 6136.70 213.99 216.07 0.00 0.02 849.11 74.27
homfam p450 21013 12 331.506 512 20.8 79.4 80.7 41.9 53.0 5634.1127 1:33:54 2434.06 7954.32 2399.95 2413.96 0.00 0.02 979.90 55213.72
homfam gpdh 7691 8 129.082 360 55.1 46.2 46.1 41.1 41.6 194.2090 0:03:14 1213.03 6202.90 1177.09 1179.78 0.00 0.02 948.02 1847.24
homfam int 7572 5 168.037 219 22.5 88.0 91.7 75.2 81.6 342.4773 0:05:42 284.12 6218.14 250.20 252.57 0.00 0.02 985.10 3378.63
homfam KAS 2070 6 174.528 404 31.7 71.5 94.2 51.8 48.4 40.1349 0:00:40 121.97 4760.14 86.58 89.78 0.00 0.02 45.68 22.20
homfam trfl 837 7 242.315 702 61.9 44.7 60.2 5.0 3.1 56.3084 0:00:56 261.36 6136.09 225.56 227.99 0.00 0.02 428.79 246.47
homfam TNF 556 5 119.903 176 32.0 90.9 90.9 70.7 79.1 4.8718 0:00:04 142.64 6127.75 109.72 112.27 0.00 0.02 654.66 37.01
homfam scorptoxin 363 8 53.2562 74 46.3 93.7 92.8 83.6 87.9 0.6482 0:00:00 122.04 6051.30 86.37 89.09 0.00 0.06 0.00 7.12
homfam aldosered 13277 7 268.547 386 41.6 89.6 93.2 69.5 75.8 1343.4152 0:22:23 2034.03 7532.06 1998.69 2001.08 0.00 0.02 1072.24 14409.78
homfam rrm 27610 20 67.4587 157 22.9 73.9 78.5 16.2 24.0 312.0295 0:05:12 878.25 6249.56 843.23 845.27 0.00 0.02 974.13 3044.51
