homfam ricin 747 7 198.708 281 37.5 89.2 89.0 75.8 81.8 10.7624 0:00:10 1703.66 6995.35 1646.56 1655.63 0.00 2.32 1196.16 6.02
homfam ghf10 1502 5 220.34 364 43.3 89.1 90.3 72.8 78.9 35.1866 0:00:35 152.21 7018.31 116.57 118.99 0.00 0.08 441.29 170.13
homfam seatoxin 93 5 43.6344 54 42.6 81.2 79.6 46.9 47.0 0.9588 0:00:00 2048.12 6624.09 2008.00 2011.97 0.00 0.06 0.00 5.51
homfam mofe 2567 6 353.074 609 30.0 84.3 84.2 66.6 71.9 102.3787 0:01:42 171.55 7008.77 136.01 138.17 0.00 0.12 562.08 595.94
homfam cyt3 385 6 92.3065 130 40.3 74.5 73.8 43.2 49.3 3.9641 0:00:03 1194.76 6989.30 1143.38 1149.52 0.00 0.16 1548.38 5.44
homfam ins 793 6 65.2825 74 44.9 62.8 72.4 0.0 0.0 4.8375 0:00:04 129.72 6995.11 95.34 97.80 0.00 0.05 1809.79 94.06
homfam Ald_Xan_dh_2 2589 6 109.304 885 31.8 87.0 86.4 72.7 77.0 23.1342 0:00:23 174.87 7026.74 139.02 141.77 0.00 0.12 866.75 214.26
homfam tms 2118 5 264.245 357 45.9 92.4 91.7 79.6 85.0 45.8973 0:00:45 140.61 6992.71 110.39 112.42 0.00 0.02 50.86 44.60
homfam phc 2957 12 98.4711 179 37.2 94.2 94.5 73.7 79.7 18.8905 0:00:18 685.79 7026.41 598.04 622.84 0.00 1.36 830.19 6.60
homfam cytb 3206 6 82.1454 100 35.6 81.6 84.1 55.4 62.2 30.3051 0:00:30 157.36 7027.03 124.34 126.63 0.00 0.14 829.65 263.95
homfam mmp 1427 6 157.93 180 55.1 96.0 96.0 88.2 89.8 29.2508 0:00:29 146.92 7007.06 110.96 113.09 0.00 0.07 883.22 270.18
homfam phoslip 946 18 113.33 137 48.9 92.0 91.5 64.0 73.9 6.1321 0:00:06 1146.60 6995.89 1087.52 1097.68 0.00 0.32 1135.44 5.58
homfam HLH 6781 5 53.5453 92 28.1 59.6 89.1 32.1 43.6 66.8474 0:01:06 166.96 7049.80 130.98 133.25 0.00 0.26 1568.70 1061.29
homfam myb_DNA-binding 10398 5 46.5583 61 40.7 89.6 93.7 69.6 75.4 33.9919 0:00:33 213.80 7108.06 181.32 183.34 0.00 0.02 154.10 70.88
homfam msb 4884 8 106.037 158 26.6 75.7 81.5 37.9 46.9 70.7619 0:01:10 183.74 7035.76 151.01 153.05 0.00 0.22 1126.32 816.67
homfam ghf1 4358 8 403.813 562 38.4 88.2 90.3 63.0 71.7 187.5844 0:03:07 215.30 7037.34 179.33 181.47 0.00 0.19 806.46 1532.09
homfam rvp 93681 6 94.2886 132 36.6 81.5 82.5 53.2 59.9 919.5204 0:15:19 1483.30 8345.75 1447.97 1449.11 0.00 3.57 444.62 4092.84
homfam lyase_1 7632 5 295.082 511 30.9 73.4 73.8 52.5 53.2 224.8956 0:03:44 232.47 7031.07 196.77 198.81 0.00 0.32 509.21 1163.70
homfam ldh 7367 14 121.378 371 31.9 87.8 86.9 55.7 64.1 82.6162 0:01:22 190.47 7030.50 155.09 157.39 0.00 0.27 521.01 450.43
homfam subt 7517 11 301.598 414 39.5 60.3 69.7 11.7 16.8 602.6859 0:10:02 364.57 7152.63 329.07 333.16 0.00 0.33 1445.63 8731.04
homfam sodfe 4455 8 77.4471 219 42.3 88.4 88.1 64.1 67.3 19.8938 0:00:19 160.68 7057.99 124.97 127.50 0.00 0.18 1010.43 215.17
homfam LIM 6428 5 57.0143 86 52.8 93.1 94.0 82.9 88.7 27.2752 0:00:27 179.77 7054.60 148.08 150.10 0.00 0.26 703.61 206.32
homfam blm 9105 8 300.727 274 39.1 93.7 94.4 79.0 81.0 615.5603 0:10:15 362.27 7137.34 326.46 328.55 0.00 0.38 1212.47 7481.18
homfam DMRL_synthase 2099 5 140.59 182 33.2 93.9 91.5 75.7 85.0 19.4673 0:00:19 142.78 7013.78 107.36 109.72 0.00 0.10 850.24 180.02
homfam tRNA-synt_2b 11293 5 177.564 467 18.7 50.8 49.4 20.1 28.3 176.1228 0:02:56 316.20 7110.48 280.50 282.62 0.00 0.45 795.81 1419.17
homfam Stap_Strp_toxin 640 6 87.3922 254 32.5 81.2 80.3 47.7 54.9 2.5977 0:00:02 2127.10 6993.84 2078.39 2086.22 0.00 0.20 755.79 5.56
homfam Acetyltransf 46285 6 82.9897 229 24.1 52.8 52.2 14.3 20.0 927.7625 0:15:27 1410.48 17822.87 1374.28 1376.71 0.00 1.81 1036.44 9628.33
homfam ghf22 760 12 107.567 131 51.4 96.4 96.5 86.2 89.5 4.8914 0:00:04 2446.10 7185.73 2389.48 2398.33 0.00 0.26 994.85 6.20
homfam sdr 50157 13 163.253 361 23.3 61.7 63.0 13.6 18.5 1520.0940 0:25:20 1284.81 13236.12 1249.27 1256.97 0.00 2.03 1186.69 18045.32
homfam ltn 1068 12 204.148 282 49.9 92.0 91.9 64.4 70.5 23.8870 0:00:23 138.21 7000.50 102.58 104.86 0.00 0.06 1121.41 280.17
homfam hpr 3349 5 83.0427 89 44.4 100.0 100.0 100.0 100.0 17.3402 0:00:17 2292.13 7032.84 2204.65 2231.98 0.00 1.42 1034.67 6.99
homfam bowman 499 5 26.1443 73 64.9 91.0 91.0 71.4 74.4 1.2162 0:00:01 899.88 5476.02 854.61 861.33 0.00 0.04 38.84 5.35
homfam hip 167 5 66.2096 88 33.4 86.7 85.5 61.9 72.7 1.3055 0:00:01 1262.90 5902.64 449.05 655.96 0.00 0.16 39.33 5.08
homfam HMG_box 4779 5 66.0716 89 24.8 96.2 95.6 84.0 92.5 21.2699 0:00:21 158.43 7037.66 122.98 125.00 0.00 0.20 1016.86 230.04
homfam icd 5678 5 328.887 433 41.7 90.7 92.9 76.3 79.3 185.6890 0:03:05 210.34 7016.05 174.71 177.32 0.00 0.25 610.42 1152.64
homfam peroxidase 4514 5 256.626 383 37.3 67.4 71.1 33.2 36.8 126.1091 0:02:06 181.88 7007.55 145.89 148.58 0.00 0.20 751.70 968.12
homfam asp 3262 13 284.142 381 37.5 76.5 84.7 40.9 42.7 147.2852 0:02:27 198.09 7038.06 162.16 164.25 0.00 0.15 1559.73 2317.99
homfam flav 4612 6 138.021 183 35.0 80.9 83.0 48.6 53.3 53.0821 0:00:53 170.42 7012.10 134.73 136.83 0.00 0.20 983.55 543.47
homfam cah 1379 5 212.706 279 38.7 83.5 86.2 67.2 71.0 32.1839 0:00:32 139.79 7001.84 104.11 106.29 0.00 0.07 577.25 199.43
homfam ace 3989 6 427.824 601 37.3 74.8 78.1 52.8 57.9 380.7256 0:06:20 5067.23 9956.11 1443.77 2626.48 0.00 6.21 1507.41 18.78
homfam sti 613 5 165.383 198 36.4 76.9 78.2 47.8 52.0 7.4521 0:00:07 1270.11 6993.24 1234.21 1237.15 0.00 1.78 1341.89 5.73
homfam aat 25100 10 337.807 476 28.6 76.2 78.6 31.0 35.8 1260.8382 0:21:00 792.97 9077.98 758.75 772.74 0.00 1.04 950.67 11995.38
homfam oxidored_q6 3348 5 123.044 285 56.7 97.2 97.4 91.0 92.7 24.3686 0:00:24 154.67 7023.07 118.91 121.01 0.00 0.14 546.66 150.07
homfam hormone_rec 3509 5 188.562 308 21.5 73.3 70.0 49.1 62.6 108.6967 0:01:48 165.93 7007.12 129.92 132.67 0.00 0.16 847.58 942.45
homfam rhv 17976 6 143.424 938 33.1 75.5 74.2 45.9 57.9 180.6041 0:03:00 288.86 7066.32 253.61 255.90 0.00 0.67 610.53 1119.49
homfam tgfb 1606 8 95.4645 118 43.8 88.2 88.0 48.7 57.3 12.0563 0:00:12 2330.34 7001.64 2268.16 2283.10 0.00 0.69 1804.29 6.37
homfam cryst 1160 7 80.8078 192 44.4 40.4 55.7 0.0 0.0 7.3385 0:00:07 457.85 6998.97 399.49 411.53 0.00 0.47 1303.98 5.18
homfam cyclo 6288 6 159.069 203 44.1 87.3 88.1 69.8 72.7 90.7597 0:01:30 193.46 7022.58 157.79 159.87 0.00 0.27 1091.26 1010.66
homfam kunitz 2266 10 53.752 64 37.9 95.4 96.4 78.3 76.8 8.8961 0:00:08 1440.19 7013.54 1369.20 1388.58 0.00 0.79 1457.38 6.54
homfam Rhodanese 14049 6 102.277 216 22.7 38.0 45.2 12.5 14.2 153.8271 0:02:33 250.15 7162.72 215.03 217.52 0.00 0.57 1290.20 2004.07
homfam sodcu 2038 7 141.322 169 42.2 87.4 87.3 66.9 73.0 23.9879 0:00:23 141.71 7015.86 106.51 109.23 0.00 0.10 732.64 189.94
homfam profilin 687 5 123.371 144 39.7 92.1 92.5 78.9 80.3 6.5841 0:00:06 2260.85 6991.70 2211.61 2220.01 0.00 0.25 1523.98 6.67
homfam glob 3983 41 100.684 174 31.7 94.8 94.6 45.9 44.3 27.7746 0:00:27 158.26 7044.71 122.45 124.55 0.00 0.17 415.07 132.77
homfam tim 3904 10 205.645 260 47.5 95.6 97.5 87.6 90.6 66.2678 0:01:06 159.93 6999.02 125.34 127.64 0.00 0.17 401.26 286.69
homfam uce 4558 13 134.701 184 34.0 89.9 91.7 48.8 55.4 45.6101 0:00:45 170.20 7020.03 140.17 142.21 0.00 0.02 47.87 43.23
homfam toxin 508 20 62.311 78 43.1 89.7 89.0 46.8 53.0 2.1810 0:00:02 116.94 6989.96 84.98 87.16 0.00 0.04 717.61 23.99
homfam rub 1435 5 46.1575 54 62.1 99.2 99.2 96.3 96.7 4.2663 0:00:04 3585.92 8240.00 1225.13 1440.06 0.00 0.74 665.30 5.90
homfam hom 12037 8 53.4951 98 35.3 91.4 91.0 58.0 68.7 37.2664 0:00:37 205.64 7076.12 171.75 173.75 0.00 0.02 59.24 42.46
homfam biotin_lipoyl 11833 7 71.8928 112 28.9 95.2 93.8 80.0 81.9 70.2994 0:01:10 196.31 7031.04 161.48 163.51 0.00 0.02 235.62 185.52
homfam cys 4316 13 198.11 284 40.5 85.4 86.1 54.1 64.8 99.0915 0:01:39 184.97 7048.18 149.11 151.20 0.00 0.20 1137.79 1147.75
homfam ghf11 521 5 167.758 202 49.5 91.8 91.8 79.7 80.8 6.3269 0:00:06 1268.45 6992.25 1232.71 1234.72 0.00 0.45 1122.17 5.53
homfam blmb 17200 6 192.465 344 20.6 38.2 50.9 13.8 18.6 684.6869 0:11:24 445.07 7195.80 409.04 416.96 0.00 0.70 1127.37 7734.79
homfam aadh 3127 8 225.129 542 38.2 77.6 78.0 39.7 43.1 63.1482 0:01:03 154.24 7005.84 119.11 121.39 0.00 0.14 469.47 317.15
homfam DEATH 1183 7 80.5689 159 19.6 80.1 81.0 52.4 54.4 12.5403 0:00:12 2211.93 6996.45 2155.51 2167.19 0.00 2.61 2106.23 6.56
homfam Sulfotransfer 2489 5 235.798 381 26.2 53.0 60.3 22.3 27.6 156.3593 0:02:36 168.73 7024.18 133.04 135.41 0.00 0.12 1492.16 2353.70
homfam serpin 3144 8 291.462 418 34.3 91.2 92.1 74.4 80.4 172.3193 0:02:52 195.76 7027.80 160.13 162.45 0.00 0.15 1780.88 3089.17
homfam proteasome 5732 17 174.347 309 21.7 79.0 75.6 34.5 44.1 78.8364 0:01:18 175.89 7007.55 140.52 142.84 0.00 0.25 221.38 194.90
homfam zf-CCHH 88345 15 23.2513 39 35.5 84.4 87.9 54.3 67.5 290.1893 0:04:50 896.44 8508.09 860.79 862.81 0.00 3.25 572.77 1673.41
homfam egf 7774 12 32.0765 71 31.1 75.5 74.6 23.5 35.7 20.8867 0:00:20 193.19 7071.48 162.49 164.74 0.00 0.32 1010.15 224.23
homfam annexin 3139 6 65.1902 323 57.2 100.0 100.0 100.0 100.0 14.1650 0:00:14 1857.77 7014.59 1773.89 1799.66 0.00 1.63 1150.99 6.92
homfam OTCace 4795 5 157.005 350 37.3 93.0 93.3 83.7 85.6 52.3786 0:00:52 161.09 7001.90 125.93 128.45 0.00 0.21 832.52 456.70
homfam rnasemam 498 6 120.072 141 42.2 92.3 89.9 67.2 79.1 3.5272 0:00:03 1267.51 6990.14 1216.27 1226.64 0.00 0.62 784.07 6.04
homfam adh 21331 5 123.64 375 63.9 98.8 98.8 97.3 97.7 305.1647 0:05:05 365.91 7132.12 330.22 332.44 0.00 0.88 1251.60 3835.35
homfam il8 1073 11 63.7623 81 34.5 91.3 90.5 59.7 67.5 4.9516 0:00:04 925.36 6995.37 864.39 875.77 0.00 0.39 1272.09 5.33
homfam hr 3707 5 65.1513 82 53.3 98.9 98.9 97.5 97.1 15.6852 0:00:15 1295.28 7027.30 1259.83 1261.89 0.00 10.70 1114.43 7.33
homfam ChtBD 774 5 38.2713 45 59.3 95.4 95.2 86.0 87.4 2.3551 0:00:02 1308.39 6989.07 1273.12 1275.97 0.00 0.83 532.41 5.24
homfam gluts 10099 14 98.1117 235 39.4 93.3 93.0 76.4 81.2 142.3867 0:02:22 215.60 7045.16 180.19 182.20 0.00 0.43 1043.38 1505.64
homfam ghf5 2717 6 260.466 470 17.8 39.3 45.6 15.9 22.8 143.7141 0:02:23 179.89 7020.45 144.00 146.51 0.00 0.13 1743.43 2526.46
homfam ghf13 12607 10 264.452 626 26.8 55.9 57.6 18.7 26.0 492.5714 0:08:12 406.64 7161.36 371.02 373.42 0.00 0.53 981.02 4848.84
homfam PDZ 14950 6 80.8907 110 30.6 58.8 75.8 41.4 40.8 126.3455 0:02:06 230.35 7053.80 194.96 197.00 0.00 0.59 1074.26 1376.38
homfam az 1086 29 100.416 215 33.4 77.1 75.7 37.0 36.7 8.6727 0:00:08 1129.79 6994.11 1068.42 1079.64 0.00 0.44 1493.43 5.81
homfam hla 13465 5 153.148 178 76.5 100.0 100.0 100.0 100.0 146.9958 0:02:26 247.39 7038.86 211.72 214.31 0.00 0.53 646.94 969.57
homfam slectin 932 5 133.052 142 33.3 93.4 93.8 87.6 89.3 17.8110 0:00:17 134.05 6996.89 98.53 100.85 0.00 0.05 2190.13 397.84
homfam GEL 2195 5 78.1157 150 23.7 69.5 65.8 37.0 51.0 11.5457 0:00:11 1725.11 7013.54 1650.75 1669.77 0.00 0.11 1341.56 7.19
homfam kringle 1091 9 75.9138 100 43.3 87.5 87.9 73.0 75.8 5.8347 0:00:05 1272.72 6997.04 1070.71 1081.85 0.00 1.30 1487.32 5.81
homfam p450 21013 12 331.506 512 20.8 63.2 69.4 24.2 30.2 1636.1410 0:27:16 849.54 7485.85 813.98 819.17 0.00 0.91 1349.11 22084.20
homfam gpdh 7691 8 129.082 360 55.1 94.7 94.7 85.2 87.8 70.9762 0:01:10 185.75 7020.24 151.02 154.07 0.00 0.30 390.27 297.15
homfam int 7572 5 168.037 219 22.5 62.5 71.7 33.2 37.1 216.5751 0:03:36 245.13 7064.67 209.32 211.78 0.00 0.33 1621.26 3530.70
homfam KAS 2070 6 174.528 404 31.7 74.7 75.1 50.5 54.9 25.2745 0:00:25 148.50 7012.51 112.88 115.12 0.00 0.10 300.43 93.54
homfam trfl 837 7 242.315 702 61.9 44.8 54.6 1.4 0.1 17.8514 0:00:17 2443.53 7186.11 2386.42 2395.94 0.00 0.39 1209.82 7.85
homfam TNF 556 5 119.903 176 32.0 82.3 82.1 59.2 64.7 5.4748 0:00:05 1740.03 6990.95 1692.90 1700.09 0.00 0.21 1376.54 5.67
homfam scorptoxin 363 8 53.2562 74 46.3 91.2 91.6 75.3 80.4 1.7709 0:00:01 939.95 6915.22 896.38 902.17 0.00 0.03 29.16 4.64
homfam aldosered 13277 7 268.547 386 41.6 90.5 91.5 65.5 72.0 509.8747 0:08:29 511.88 8913.14 476.12 478.48 0.00 0.56 1097.99 5614.77
homfam rrm 27610 20 67.4587 157 22.9 73.2 77.0 13.5 20.0 211.9580 0:03:31 420.87 7208.75 385.16 387.96 0.00 1.09 1289.20 2750.05
